1 192 32 53387 200
5 16
0.000000 0.000000 0.000000 0.000000 0.000000 0.000000 0.000000 0.000000 0.000000 0.000000 0.000000 0.000000 0.000000 0.000000 0.000000 0.000000 0.000000 0.000000 0.000000 0.000000 0.000000 0.000000 0.000000 0.000000 0.000000 0.000000 0.000000 0.000000 0.000000 0.000000 0.000000 0.000000 0.000000 0.000000 0.000000 0.000000 0.000000 0.000000 0.000000 0.000000 0.000000 0.000000 0.000000 0.000000 0.000000 0.000000 0.000000 0.000000 0.000000 0.000000 0.000000 0.000000 0.000000 0.000000 0.000000 0.000000 0.000000 0.000000 0.000000 0.000000 0.000000 0.000000 0.000000 0.000000 0.000000 0.000000 0.000000 0.000000 0.000000 0.000000 0.000000 0.000000 0.000000 0.000000 0.000000 0.000000 0.000000 0.000000 0.000000 0.000000 0.000000 0.000000 0.000000 0.000000 0.000000 0.000000 0.000000 0.000000 0.000000 0.000000 0.000000 0.000000 0.000000 0.000000 0.000000 0.000000 0.000000 0.000000 0.000000 0.000000 0.000000 0.000000 0.000000 0.000000 0.000000 0.000000 0.000000 0.000000 0.000000 0.000000 0.000000 0.000000 0.000000 0.000000 0.000000 0.000000 0.000000 0.000000 0.000000 0.000000 0.000000 0.000000 0.000000 0.000000 0.000000 0.000000 0.000000 0.000000 0.000000 0.000000 0.000000 0.000000 0.000000 0.000000 0.000000 0.000000 0.000000 0.000000 0.000000 0.000000 0.000000 0.000000 0.000000 0.000000 0.000000 0.000000 0.000000 0.000000 0.000000 0.000000 0.000000 0.000000 0.000000 0.000000 0.000000 0.000000 0.000000 0.000000 0.000000 0.000000 0.000000 0.000000 0.000000 0.000000 0.000000 0.000000 0.000000 0.000000 0.000000 0.000000 0.000000 0.000000 0.000000 0.000000 0.000000 0.000000 0.000000 0.000000 0.000000 0.000000 0.000000 0.000000 0.000000 0.000000 0.000000 0.000000 0.000000 0.000000 0.000000 0.000000 0.000000 0.000000 
486292551733.000000 573508135155.500000 583771046775.250000 591394835347.812500 597886527632.000000 603632505374.187500 609400231557.000000 614815977430.750000 620315709444.000000 625810460322.250000 631238548772.875000 637076810543.562500 643438734650.000000 650188937968.562500 657962118947.750000 668468234049.375000 179769313486231570814527423731704356798070567525844996598917476803157260780028538760589558632766878171540458953514382464234321326889464182768467546703537516986049910576551282076245490090389328944075868508455133942304583236903222948165808559332123348274797826204144723168738177180919299881250404026184124858368.000000 
0.537667 -0.303108 -1.035985 -2.193494 0.173247 -0.301207 0.235993 -0.630515 3.569868 -0.812697 -0.505073 1.303681 -0.666164 2.265195 0.959440 0.778411 0.919545 0.507726 0.015975 0.410603 0.688502 0.046238 0.686437 0.858194 1.422409 -0.004346 -1.225862 1.101048 -0.641230 0.679497 1.100222 0.088209 
1.833885 0.023046 1.877865 -0.333407 -0.505543 -0.698654 -0.835173 0.609625 3.407532 -0.438420 -0.475994 -0.125812 0.478375 -0.047890 1.087103 -0.246455 0.852158 -0.309899 1.110659 -1.212631 1.585673 0.670325 0.531254 -0.815077 -0.311851 -0.442693 -0.530025 0.265419 1.328555 -0.968770 -0.609975 -0.760720 
-2.258847 0.051290 0.940704 0.713543 -1.193306 0.832771 -1.275955 0.782335 1.146918 0.858610 -2.051561 -0.596874 -1.041058 -1.551864 0.647169 -0.903532 0.657126 -0.394370 -0.249374 -0.573745 1.250179 -0.630501 0.726437 -0.157153 0.913029 0.502764 -3.742182 -0.185955 -0.194463 -0.076407 -1.276016 1.651961 
0.862173 0.826063 0.787346 0.317408 0.646971 -0.694605 0.617035 2.436584 0.787258 0.195216 -0.448305 -1.520646 -0.820659 0.444083 0.632550 -0.495902 -0.753464 -0.269739 0.495702 0.105392 -0.115604 -0.118410 0.694254 -0.571229 -1.118910 0.505154 0.417388 -0.420933 -0.775897 -0.597790 -0.416266 -0.869570 
0.318765 1.526977 -0.875874 0.413610 -0.353623 -0.461883 0.612702 0.302407 -1.278137 0.888862 -1.551197 0.671842 0.101130 -0.911819 1.903276 0.374495 -1.338502 -0.088130 0.162037 -0.605096 -1.331770 0.242065 0.394101 0.100811 0.240834 2.025121 1.243494 1.268122 -0.758647 -0.236989 -0.684967 -0.330437 
-1.307688 0.466914 0.319949 -0.577086 0.046435 0.883617 0.289381 0.058320 -0.584593 0.069222 0.929826 0.022844 1.083983 0.049435 -1.160026 -2.370532 0.652225 0.008029 1.211821 0.421795 -2.342806 -0.376085 0.631624 0.596425 1.123422 -1.301203 0.110584 0.914307 -0.075599 2.296650 0.262161 0.080097 
-0.433592 -0.209713 -0.558294 0.144002 -0.792948 0.435944 0.395316 -0.574134 -0.619406 2.486821 0.901940 -1.177789 -1.854527 1.078046 -0.347309 0.615062 1.447217 2.531796 -0.158316 -0.362809 -0.926563 0.280444 -0.709103 0.712204 -0.648210 -0.702031 -0.327084 -0.429651 0.929004 -1.404156 -0.231286 -1.682205 
0.342624 0.625190 -0.311429 -1.638666 -1.550514 0.896747 -0.870563 -0.195212 0.535301 -1.665643 0.138287 -0.334578 1.799753 0.308179 -1.695065 0.279465 -1.290126 -1.223243 0.292971 -0.874115 1.129568 -1.774452 0.029347 0.135641 0.087371 -1.223447 1.352896 -1.346394 -0.424568 0.034177 -1.485517 -1.009082 
3.578397 0.183227 -0.570010 -0.760090 0.171586 0.504732 -0.497688 -0.050531 0.482987 -0.415928 -0.378408 -1.829455 -0.878374 0.299639 0.919386 0.818865 -2.208189 -1.071751 2.467714 0.931594 -0.549128 0.458578 0.550377 -0.946909 1.634679 -0.570124 -0.427743 -0.913550 0.871566 -0.320901 0.580323 -1.293662 
2.769437 -1.029768 -1.025734 -0.818793 -0.062139 -0.400897 -0.106672 -1.755775 0.108475 -0.084225 0.143064 0.429990 0.647733 -0.197218 0.021531 2.047507 1.436108 0.246059 1.146234 0.600042 0.283732 0.461823 -0.725483 -0.846928 -0.784506 -0.505394 -0.579373 0.333327 0.226524 0.379383 -0.363951 -2.664297 
-1.349887 0.949222 -0.908746 0.519729 1.199028 -0.513848 -0.687829 -0.257358 -0.340285 0.089252 1.605039 -0.173993 1.049565 -0.146422 -0.299340 -0.323744 -0.061672 -0.050611 -0.933843 0.571361 0.212779 -0.001187 0.000764 0.292303 -1.110389 -0.441428 0.925968 -1.092589 -0.563326 1.792679 -0.600030 2.133000 
3.034923 0.307062 -0.209897 -0.014160 0.801704 0.796368 0.331881 0.749542 -0.925848 1.456147 1.349116 1.631242 1.323093 -0.103071 -1.721016 -0.980542 1.177806 -0.730151 1.119792 0.685110 -2.202763 -0.352939 -0.187511 -2.184301 0.933612 -0.468927 0.005510 -0.386951 -0.817222 0.912315 -0.851796 -0.730353 
0.725404 0.135175 -1.698864 -1.155529 1.053305 -0.671190 2.365225 -0.570764 0.005322 0.219454 -0.448442 -1.359428 -0.517359 -2.798982 0.183432 1.179634 0.985513 0.326987 -0.924227 1.009421 1.251073 -0.432991 1.241424 -1.174445 -0.023487 -0.510387 -0.634491 -0.122435 0.177344 -0.656914 0.793888 0.840059 
-0.063055 0.515246 0.607601 -0.009525 -0.748877 1.186659 -0.482231 0.494233 1.139149 -0.114877 0.168411 0.970507 0.024315 0.393275 -0.259732 0.894583 -1.218578 0.752991 0.009907 0.990871 2.024705 -1.704774 0.472488 -1.565769 -1.100679 -0.237132 0.858327 -0.659778 -0.103327 -1.433766 -0.108930 0.017194 
0.714743 0.261406 -0.117798 -0.689811 -0.936326 0.790702 0.647448 0.991440 0.427361 0.068602 -1.120497 0.143640 -0.162367 0.990247 -1.354789 -0.142931 -0.431878 -1.153722 0.289367 0.033691 -0.038897 1.095717 1.094472 -0.327947 -0.893710 0.428235 -0.480776 -0.624477 -0.904991 0.847993 -1.552813 -0.994138 
-0.204966 -0.941486 0.699160 -0.666699 -1.269087 0.287721 -1.034425 1.077140 0.181032 0.751495 0.400731 0.082604 -0.605661 -1.297633 -1.157442 -0.593471 -0.834941 -0.407867 0.870003 -0.450270 0.998584 0.635772 0.622670 0.485221 0.346269 1.113711 1.489707 -0.226312 -0.794343 -0.992118 2.170794 -0.040390 
-0.124144 -0.162338 0.269649 0.864149 0.497981 0.003226 1.339555 0.776842 0.657480 -0.689427 0.739063 0.716664 0.271710 -1.521968 -0.761986 0.248917 0.179680 -1.287906 -0.397262 -0.110656 -0.757334 -1.087184 1.009234 2.364750 0.244884 -0.364959 -0.629391 -0.550841 0.539128 -0.715263 -0.341696 0.404745 
1.489698 -0.146055 0.494287 0.113419 2.789081 0.365617 -0.969140 -2.259840 0.584246 0.450814 0.900045 1.193484 0.358643 0.621011 -0.250300 -1.129782 1.166302 0.083578 0.537858 1.237859 0.596145 -1.477265 -0.094497 -0.004127 -0.351578 1.827429 -0.593951 -1.342265 0.521664 0.465350 0.271058 -1.142814 
1.409034 -0.532011 -1.483121 0.398363 0.727572 3.526678 0.208716 -0.564377 -1.616451 -1.565025 -1.531218 -1.071062 -0.352315 -1.507523 -1.648763 0.066095 0.055986 0.163799 1.769737 -1.197860 2.123217 -0.385249 0.115153 -1.067638 0.229060 0.872757 -0.628694 0.736589 -0.311400 -1.522448 0.354827 1.198104 
1.417192 1.682104 -1.020264 0.883970 -0.773064 -0.112437 -0.618593 0.901491 0.018774 -0.078796 0.504621 1.318902 0.132360 -1.679402 -0.181991 -0.637925 -2.100042 0.682575 -1.905485 -0.564394 1.311725 0.680837 -0.628157 -0.453549 0.564432 1.219669 0.356252 -0.919549 0.826128 1.556247 -1.306526 1.196839 
0.671497 -0.875729 -0.446995 0.180258 0.836634 -1.556594 0.512016 0.394676 -0.425961 -0.941792 -0.864215 -1.210003 2.673582 0.788976 0.615687 -0.819308 1.235297 -1.086368 -1.076748 1.043309 -0.699942 0.832649 0.387572 0.458221 -0.730968 -0.980201 1.305086 1.035039 -0.349941 0.102821 1.221143 -0.097376 
-1.207487 -0.483815 0.109659 0.550855 -1.128330 1.915102 0.011354 0.004854 -2.034027 -0.652862 -0.376555 -1.074115 -0.007566 -0.654282 -0.376674 0.967954 0.002672 0.297492 1.194941 0.846002 -1.019613 0.534598 3.074273 1.021847 -0.319760 -1.828187 0.365674 -0.343407 -0.115503 -0.234089 0.251117 0.614347 
0.717239 -0.712005 1.128736 0.682964 -1.424470 0.609846 -0.043989 0.436919 -1.328553 0.282529 0.788010 -0.672560 0.710303 1.244903 -0.698035 0.030349 -0.459537 -0.143308 -0.293948 -0.495536 0.053115 0.768025 0.097586 -0.459075 -0.725657 0.326944 0.772078 -0.307883 1.234822 0.807825 0.143654 -1.218601 
1.630235 -1.174212 -0.289963 1.170609 0.717442 -0.647912 2.949093 1.130073 -0.319886 -1.125079 0.298206 0.736462 -0.462539 -1.292264 0.304122 1.351097 -2.103177 1.391954 -0.038178 -0.206818 -0.237019 1.754888 -0.045595 -0.004610 1.339889 0.344328 1.255326 1.295571 -0.539921 0.806213 1.350640 0.571874 
0.488894 -0.192240 1.261551 0.475861 -0.777906 2.617335 -0.630046 0.153771 0.825430 -0.988974 -0.163742 -1.069961 -0.527878 -0.614352 1.101080 -1.086374 0.373922 0.306747 0.923935 -0.155796 -0.062736 -1.704312 0.858256 1.185862 -1.278693 -1.700262 -0.128335 0.261089 -2.042955 -0.249171 0.159095 -0.128310 
1.034693 -0.274070 0.475425 1.412233 0.315986 0.550950 -0.046879 -0.758627 -0.229293 -1.515859 0.606733 0.334715 -0.345787 0.241695 -0.446608 0.240265 0.245181 -0.537184 2.223061 -0.275398 1.271109 0.469508 -1.563619 0.223739 1.614101 -1.485874 0.948623 -0.402272 -1.288880 1.102333 -1.722285 1.608518 
0.726885 1.530073 1.174117 0.022608 1.406535 0.294204 2.683026 -0.180163 0.262251 -2.228510 1.634499 0.411883 0.564558 0.549349 -0.466712 -1.046181 0.338579 -0.228932 -1.301895 -2.443249 0.221138 -0.054304 1.128228 0.080392 -0.569769 0.352062 -0.124500 -0.826956 0.290849 0.367311 -0.016060 -0.957073 
-0.303441 -0.249025 0.126947 -0.047869 0.401125 -0.777844 -1.146691 -0.207790 -0.897980 -0.151522 -0.623494 0.154120 -0.801539 0.467634 -1.435821 0.618718 -1.078065 -0.536220 -0.908991 -0.427323 1.664023 -0.748875 -0.847572 -0.331068 -0.002032 1.036450 2.099941 -0.517217 -0.215792 1.100003 1.166993 2.011509 
0.293871 -1.064213 -0.656816 1.701335 0.929660 -1.064930 0.552999 0.896745 -2.157303 1.162744 -1.350100 0.554571 -1.852947 0.191457 -0.977716 1.305034 -0.730162 1.439021 -0.077500 0.309060 -0.042960 0.716764 0.567507 -0.384628 0.957539 1.356346 0.260282 0.399909 2.751340 0.263475 1.212633 0.020085 
-0.787283 1.603457 -1.481399 -0.509712 -1.605802 -1.768414 -1.076458 0.412308 0.093917 -0.181936 -1.162241 -1.172846 0.053216 -0.229805 0.605895 1.023491 -0.916327 -0.511100 0.000510 2.451575 -0.133235 -0.005513 0.276597 1.058004 0.737782 -0.918263 -0.545479 0.847134 -1.415077 -0.191093 0.264676 0.445508 
0.888396 1.234679 0.155489 -0.002855 0.661536 -0.422920 1.030640 0.547520 -0.951181 -0.233954 -0.944279 1.007587 -0.436415 -0.579217 -0.113655 -2.115382 1.787553 -1.606835 0.106855 -1.462628 0.793200 1.200114 -0.067025 -0.531660 -0.341394 0.604622 0.100432 0.048011 -0.243869 1.748746 -1.693473 1.449529 
-1.147070 -0.229626 0.818551 0.919867 2.138502 -1.053102 0.327530 0.147835 1.172590 -1.046734 -0.671211 0.113520 0.280007 0.480481 0.764562 0.681729 -0.820404 -0.201243 -0.312465 -0.635542 0.426273 -1.034017 -0.717278 -0.047270 0.888577 0.614244 -0.732904 -0.492923 0.040251 -0.783206 1.096442 1.102950 
-1.068870 -1.506160 -0.292588 0.149809 0.541139 0.647755 0.652125 -0.362267 1.735096 1.583319 0.576681 0.730051 0.084606 -0.386833 0.669897 0.008709 -0.196711 1.143503 1.219647 -0.385473 -0.209902 -0.847568 0.417312 -1.033819 -1.179724 -0.032075 -1.524158 0.335437 -1.373829 0.633085 -0.057384 -0.875864 
-0.809499 -0.444628 -0.540786 1.404933 -1.540877 -0.317628 -0.278861 0.061141 -0.371696 -0.249413 -2.085770 -0.983512 0.729119 0.421616 0.375784 0.334273 -0.890144 0.663291 -0.909561 -0.942278 -1.588159 0.433422 1.124560 0.603745 1.381475 -1.051871 0.349780 0.671214 1.079187 2.022390 0.191893 -0.915239 
-2.944284 -0.155941 -0.308642 1.034122 -0.203143 1.768992 0.245192 0.216706 1.192864 1.294019 0.235964 0.052032 0.900753 1.087706 0.766653 -0.547413 0.910749 0.164084 0.203977 -0.673773 -1.116381 -0.887524 0.682643 0.249176 1.160444 -1.104477 0.232859 -0.421662 0.743931 -0.413348 1.281272 -0.914822 
1.438380 0.276068 -1.096593 0.291570 -0.499965 1.510582 1.472513 -1.398122 0.953648 0.361980 -0.778421 0.877599 -1.325638 -2.249332 1.523472 -1.650984 -0.012265 1.785406 0.989747 -1.924244 0.616855 0.121233 1.396092 0.441544 0.018513 0.740518 0.654001 1.443127 1.542861 0.634636 0.402757 1.074750 
0.325191 -0.261164 -0.493010 -0.777699 0.383024 0.164010 -2.275102 0.178870 -1.415045 -0.263053 1.099562 1.014141 -1.524579 1.804480 0.576824 0.892793 0.072814 -0.587711 0.375200 -0.112418 0.543464 -0.401905 -1.388589 -0.026926 0.403892 -1.682067 -0.844955 -0.364281 0.687522 0.319553 -3.722211 -0.135698 
-0.754928 0.443422 -0.180739 0.566696 0.412035 -0.282764 -1.633291 0.927584 -0.033356 1.082144 -0.855564 -0.084348 0.502433 -0.632060 0.425973 -0.507056 0.939416 0.259036 -0.622126 -0.518509 -1.467896 1.096678 0.019262 -0.742098 0.979507 -0.294930 -0.805115 0.898288 -3.550168 -0.348246 -1.663736 -0.444711 
1.370299 0.391894 0.045841 -1.382621 0.405493 1.152166 0.415469 -0.110178 0.261118 0.982434 0.007558 -1.853532 0.306391 1.316458 -0.042931 -0.329791 0.675237 -0.871834 0.120555 0.534983 0.119908 0.436675 -1.350353 -0.085315 -0.327736 0.140475 -0.490751 0.968344 -0.967053 -0.003554 -0.828009 0.082517 
-1.711516 -1.250679 -0.063783 0.244475 -0.363781 -1.146508 -0.654769 1.572398 0.522995 -0.111444 -0.937586 -1.096821 -0.939160 1.551592 -1.242263 0.168354 0.785969 -0.787917 -0.317396 0.057408 0.529355 -0.407005 0.114636 -1.284109 0.545407 1.092969 -1.005710 0.056627 0.311790 0.617785 -1.291293 1.035768 
-0.102242 -0.947961 0.611335 0.808439 -0.599272 0.673699 -0.296348 0.560491 0.676787 1.295951 -0.681560 0.218628 1.237402 -1.468908 -0.504952 2.536740 -2.132741 -0.344340 -0.599684 1.065817 -1.175244 -0.638690 0.541632 -0.338596 0.687199 -0.359150 2.691354 -0.084666 -0.815069 2.328480 0.153464 -0.158890 
-0.241447 -0.741106 0.109318 0.213042 -0.589589 -0.669113 -1.496919 -0.420345 0.674396 1.781295 -0.260139 0.794246 0.033012 0.176938 0.325851 2.293627 0.219930 0.647617 1.353154 1.620737 -0.998215 -0.404881 -0.767666 2.307190 0.371951 -1.392487 0.371534 0.872010 0.283370 0.886428 0.151960 0.309282 
0.319207 -0.507818 1.814015 0.879677 0.853541 -0.400323 -0.904834 -0.153945 0.678399 -0.065615 -0.228795 0.463124 0.123568 3.466260 -1.111423 -1.318661 0.966286 2.054127 -0.197668 0.121854 1.194042 2.393862 1.282825 1.672313 -1.420532 0.348040 -0.653126 -1.803655 -0.066238 -0.244085 -0.693113 -2.315405 
0.312859 -0.320576 0.312024 2.038876 -1.853008 -0.671802 -0.404182 -0.275199 -0.312580 -0.255681 -0.524813 -0.612630 0.273939 -0.214627 0.468184 -0.474135 0.349994 0.798942 -0.578002 -1.238041 -1.753697 -0.049623 -0.474856 0.867776 -0.335666 -0.719661 0.424323 0.033740 -0.547497 -1.973122 1.169458 -0.667584 
-0.864880 0.012469 1.804494 0.923932 -0.207303 0.575629 -0.725798 0.241120 0.379244 0.404638 1.128319 2.244400 0.754166 0.486283 0.322613 0.987382 0.901815 -1.071077 -0.755970 0.244126 0.446529 -0.202576 0.623431 0.438064 -1.976243 1.777480 1.229528 0.069139 0.068056 0.249060 -0.788082 -1.066585 
-0.030051 -3.029177 -0.723121 0.266917 0.270378 -0.778094 -0.866485 0.754686 -2.252898 0.351757 0.550139 0.072348 1.524498 0.330885 0.100021 -2.073026 2.121188 -0.205155 0.121199 1.398258 0.978060 -0.197534 -0.347697 0.826555 -0.383011 -0.867942 0.677597 0.365587 0.512974 0.260978 -0.345593 -0.639156 
-0.164879 -0.457015 0.526547 0.641662 -0.652771 -1.063561 -0.421847 -0.291910 -1.168351 0.807511 1.855147 0.865514 -0.261976 1.267902 0.301435 1.244026 1.248587 -0.554443 -1.495841 -0.095473 -1.791257 1.516316 -0.758324 0.389501 -0.789858 0.171005 0.916650 -0.884860 1.143096 -0.791481 -0.667378 -0.761968 
0.627707 1.242448 -0.260251 0.425485 0.477227 0.552978 -0.942666 0.458445 1.201966 -0.255590 -0.277299 -0.415696 -1.730684 1.090514 0.023824 -0.315240 -1.123186 -0.292943 -1.646159 0.387623 -0.130189 -1.732208 -0.737165 0.931750 -0.096040 2.042415 0.480745 -1.410175 -0.893945 1.009333 -0.896463 -0.422106 
1.093266 -1.066701 0.600143 -1.314724 -0.071320 -0.423429 1.341884 1.755289 -0.660739 0.715113 1.066631 -1.114938 1.013464 -0.946451 -0.022055 1.399294 -0.830085 1.180232 0.192897 -0.966315 -1.175237 1.112473 -1.451036 1.205763 0.377407 1.054110 -1.507145 -2.638380 -0.571772 0.390873 0.054617 -0.491328 
1.109273 0.933728 0.593931 -0.416411 -0.938301 0.361587 -0.988435 0.931491 0.327559 1.048597 -2.099239 0.685252 -0.927736 -0.438499 -0.008758 -0.879881 -0.121779 0.377395 -1.289770 1.509186 0.089962 -0.719281 1.520754 -1.021258 0.830015 -0.016916 -0.759893 0.545102 -0.720643 0.586900 -1.394156 0.657745 
-0.863653 0.350321 -2.186022 1.224688 0.161364 -0.351889 1.817943 0.825264 1.508127 0.177549 0.638484 1.037673 1.243680 0.343221 0.929455 -0.922472 -0.642591 0.991574 -0.399849 0.403831 -0.422166 -0.273366 -2.447237 -0.190989 -0.143167 0.479165 1.059843 1.078006 0.847896 -0.486187 -0.312192 1.436083 
0.077359 -0.029006 -1.327043 -0.043584 -0.268183 0.269541 -0.374437 -0.814807 -0.888909 0.153298 0.371465 1.822212 -0.589489 -0.058403 -0.090432 2.314403 -0.078950 0.603452 0.775403 -0.422141 -1.650934 0.677404 -1.290046 -0.027151 0.040143 2.402745 -0.198085 -0.444330 1.572627 -0.683854 0.830324 -1.535033 
-1.214117 0.182452 -1.441014 0.582423 -0.409873 -2.564449 -1.451741 -0.534204 -0.959285 -1.254324 -0.374179 -0.528988 1.491482 2.534975 -2.641146 0.588013 1.228113 -0.792886 0.922150 -1.674024 0.617969 -0.936451 -1.984574 -0.555119 1.013283 1.400644 0.259201 2.379327 1.055721 -0.467425 0.813780 1.752845 
-1.113501 -1.565056 0.401844 -1.006500 -0.711323 0.465864 -0.618682 0.242552 -0.492719 -1.172801 0.695348 -1.627967 -0.805978 0.438645 -0.486150 -0.309768 -0.531366 0.930818 1.544536 -0.687630 0.596160 0.425717 -1.342947 -0.994184 1.296713 -1.328400 0.554925 -0.640975 1.341014 -1.110581 -1.946077 1.283051 
-0.006849 -0.084539 1.470201 0.064517 0.061445 1.853561 0.934501 -0.100648 0.441057 -1.461442 0.877629 1.617302 -1.112599 0.437518 0.195970 -1.032964 -0.286105 -1.350388 -1.009562 -1.027185 -0.618437 -0.074543 -2.791839 1.272120 0.217592 0.184714 -1.021422 -1.311282 0.249275 -0.522541 0.406719 0.093642 
1.532630 1.603946 -0.326814 0.600292 -1.846129 1.039289 1.055929 -1.625048 -0.204764 -1.244288 1.033606 0.264137 0.956940 -0.837676 0.959722 1.103351 -0.227606 0.799789 0.856706 -0.492558 0.527875 -1.398807 0.602186 0.667813 0.861256 1.064855 0.190113 -0.145688 -0.801706 0.726842 -0.457984 1.580099 
-0.769666 0.098348 0.812323 -1.361515 -0.398333 0.910897 0.160227 -1.514423 -0.977807 -0.155099 0.419791 -1.127146 -1.363052 -1.307503 1.380324 0.342109 0.674523 0.599637 0.325287 0.346808 -1.344318 0.192306 0.040443 -0.910776 -0.729901 -1.534850 -0.434788 0.105785 0.679748 -2.255347 0.450536 0.244784 
0.371379 0.041374 0.545540 0.347593 -0.543548 -0.239731 0.287400 1.026189 -1.572947 -1.614914 0.601069 -0.559176 0.680585 0.794143 -0.941464 -2.263993 1.036840 1.100429 1.252439 0.829352 -1.234765 0.580390 -1.030918 -1.052678 1.585622 0.288671 -1.474167 0.682352 1.726380 -1.771972 0.172119 -1.020254 
-0.225584 -0.734169 -1.051632 -0.181843 -0.911899 0.180998 0.632906 -0.758127 -0.370262 2.246065 -0.674018 -0.808845 0.437824 -0.197264 0.760868 -0.903286 -0.149463 -1.419742 0.220159 0.155633 -1.153440 0.637859 -1.300976 0.427199 -0.662773 -0.068164 0.393233 0.121040 0.506060 0.026590 -0.316080 1.127841 
1.117356 -0.030814 0.397467 -0.939535 0.652699 0.244250 -1.459042 2.078345 -0.221145 0.739281 -1.095178 1.161004 -0.143268 0.649153 0.237920 2.970029 -0.317081 -0.203636 0.815197 0.083714 -0.109328 -0.565982 -1.317979 -0.688838 -0.767534 0.288373 -0.844081 -0.763621 0.929211 0.328493 -0.013316 2.232469 
-1.089064 0.232347 -0.751895 -0.037533 -0.734271 0.096393 -0.581710 -2.221987 -0.535213 -2.067645 -0.267617 0.592105 -0.341533 -0.831474 -0.208373 -0.011766 0.933595 0.017913 1.139422 0.374617 -0.524195 -0.016138 -0.278455 -1.198299 0.538124 -0.805076 -0.502834 -1.523023 -1.543498 -0.948830 0.607902 -0.774247 
0.032557 0.426388 1.516267 -1.896304 0.540633 -0.830468 -1.830149 0.448764 -0.261972 -1.154551 0.186550 0.242748 2.057811 0.895954 0.024739 -1.999539 0.723284 0.100351 -0.411711 2.653202 1.911298 0.622323 -2.022093 -0.247458 -0.065333 -1.826985 -1.339220 -0.586693 0.571056 0.536442 0.726025 -1.001457 
0.552527 -0.372809 -0.032567 -2.127977 0.975841 -0.352252 -0.449103 0.000626 -1.095415 -0.107192 0.950945 0.240477 -0.374535 -1.813486 -0.028091 -0.888015 0.488185 0.876357 -0.461065 0.332714 -0.071106 0.533436 0.406730 -0.844734 -1.586491 -1.072433 -0.602964 -1.363744 -0.153922 1.259022 -0.749689 1.138326 
1.100610 -0.236455 1.636000 -1.176923 -0.156870 -0.174775 0.949275 -0.756239 0.549233 -1.712879 -0.790519 -0.821500 -0.190203 1.566683 0.140359 -0.419902 3.266199 0.700694 -1.329049 0.140771 0.561835 -0.389341 -0.089826 0.849617 1.077468 1.874892 0.439532 0.723595 0.553329 0.683743 -1.327353 -0.023952 
1.544212 2.023691 -0.425058 -0.990532 0.277799 -0.480653 0.717441 0.404325 -2.174621 -0.459895 -0.489478 0.993112 -0.938732 0.846501 0.237586 0.694578 0.031701 0.652016 -0.087500 1.577835 0.574072 -1.271668 -0.342262 2.306573 0.695205 -0.129734 1.571506 -0.103628 1.276784 -1.563395 -0.419052 -1.363832 
0.085931 -2.258354 0.589433 -1.173032 0.639517 0.836837 2.287829 -0.793853 0.144615 1.091000 2.974474 0.346395 -0.813462 0.110155 -0.671549 -0.162753 0.341275 0.178530 0.355446 0.089548 0.371734 0.272601 0.652226 -1.700953 1.647625 -0.951531 -1.131549 -1.853006 -0.639412 -0.730564 1.019997 1.236316 
-1.491590 2.229446 -0.062791 -1.725428 -0.080978 2.538349 0.166728 0.859783 0.669033 -0.163880 -0.622585 -0.261134 -0.583619 -1.161102 -1.045000 0.101577 -0.083531 1.676010 -0.743139 -0.672984 0.191694 0.317468 0.345745 0.837503 0.294840 1.467860 0.345319 0.365595 1.505935 -0.853811 0.342812 -0.154075 
-0.742302 0.337564 -2.021959 0.288228 0.540870 -1.323334 -2.156491 0.066869 -0.848829 -0.067240 1.920303 -0.184713 1.709525 -0.397536 0.965767 -0.017858 0.616421 -0.325097 0.072031 0.931893 1.244085 1.498368 -0.344686 0.422432 0.704983 0.918985 0.523388 -0.922408 -0.943394 -0.338753 0.393999 -0.795207 
-1.061582 1.000061 -0.982132 -1.594184 -1.262565 0.128340 1.689399 -1.639387 -0.057090 -1.001592 0.961149 -0.101735 -0.390420 0.254294 -0.219757 -0.960327 -0.524999 0.101148 -0.356403 -0.357890 -1.164160 -1.553801 0.030786 -0.842556 -1.151450 -0.862594 1.043964 1.350378 0.040832 -0.671285 -0.442533 -0.581573 
2.350457 -1.664164 0.612511 0.110219 1.110424 -1.442379 1.282281 -2.424750 0.291786 -0.555661 -0.557803 -0.887043 -0.690065 1.207789 1.414536 1.172806 1.007707 -0.576692 -0.431692 0.202102 1.635270 -0.354292 -0.133348 0.961658 1.859465 1.074952 1.259869 0.052198 0.306956 -0.841615 -0.765660 -0.497664 
-0.615602 -0.590035 -0.054886 0.787067 -0.989563 1.302508 -0.582631 -0.283830 -0.614619 -1.351556 -0.106555 0.741377 -0.448221 -1.033542 -0.924187 -0.365273 1.829102 -0.061528 0.779328 0.876250 0.686330 0.434228 -0.626037 -0.888375 2.371459 1.110396 -1.105880 0.229233 1.066823 1.909913 2.077032 0.937428 
0.748077 -0.278064 -1.118732 -0.002227 -1.828836 1.409912 0.222614 1.145806 -0.013643 0.364211 -0.215161 1.392208 0.714376 1.295147 -0.594141 -0.463411 0.085288 0.725588 0.816325 0.807948 -1.149487 -0.101478 1.111440 -1.882250 -0.381320 -0.773759 0.061373 -0.787379 -0.323146 -0.332969 -0.105165 -1.155727 
-0.192419 0.422716 -0.626379 0.093109 1.384499 -1.662543 0.779451 0.181169 0.412113 -0.452208 0.473490 2.473900 -1.315731 2.768123 1.421275 0.194990 -0.068325 -1.227342 1.148304 -1.603334 1.110157 2.028768 1.202166 -1.123314 -0.694781 0.539885 1.230694 0.523016 -0.935874 -0.152427 -0.033247 0.469224 
0.888610 -1.670201 0.249518 -0.378157 -0.062727 1.943684 0.384707 0.054250 -0.937150 0.783366 1.365641 0.503919 0.627122 -0.495347 1.407608 -0.066947 -0.563465 0.190931 -1.084960 -2.362052 1.182564 -0.367212 0.072382 0.578163 1.000110 -0.370740 0.545106 0.064903 1.416614 0.286362 -0.273697 1.004411 
-0.764849 0.471634 -0.993019 -1.482676 0.448921 -1.084698 0.696367 0.687754 0.835157 1.237237 -1.637804 -0.822481 -1.331295 0.468766 -1.029001 -0.521530 -0.473574 -0.734818 -0.136122 -0.701700 1.707328 -2.363775 -1.026748 0.410310 -1.135279 1.250801 1.399976 0.216167 0.362643 -1.732222 0.069715 -0.859843 
-1.402269 -1.212847 0.974950 -0.043819 -0.363258 0.226819 -0.112716 -1.393407 1.094538 1.077198 2.023729 0.200982 -0.130848 -0.657297 0.206512 0.127100 -1.703535 0.788385 0.655092 1.651903 -0.420315 0.729858 -1.172970 1.002655 0.153609 -1.262066 1.216488 -0.320273 -1.913678 -1.141633 -0.319510 0.334387 
-1.422376 0.066190 -0.640710 0.960825 -1.020583 1.098929 -0.038824 1.425366 0.321181 -0.034841 0.777789 -1.007053 -1.826896 -1.716957 1.341111 2.113018 -0.053720 -1.965382 -1.293461 0.235073 1.639378 -1.399021 0.251004 0.490773 -0.134819 -0.408534 2.343800 0.643380 0.319922 0.469865 -1.044217 -1.653469 
0.488194 0.652356 1.808863 1.738245 -3.072989 0.147189 0.088089 -0.893851 0.015113 -0.503987 -0.548902 -0.613172 0.535922 1.470519 1.332717 0.541281 -0.881344 -1.955524 1.926740 -0.151753 0.263469 1.314887 -0.264622 1.260355 0.826630 0.820790 -2.620023 -2.439206 -1.700587 0.351390 0.492943 0.696879 
-0.177375 0.327060 -1.079866 -0.430206 0.626279 2.295666 -0.789656 0.037765 -1.164493 -1.224019 -0.126011 -0.658963 0.692865 0.694137 -1.284895 -0.655085 1.255891 1.624294 0.233252 -0.155889 -1.463483 0.403825 -0.813191 -2.004813 -1.968846 -0.079534 -0.331851 0.165680 0.790916 -1.161018 1.439789 -1.122209 
-0.196053 1.082634 0.199189 -1.627323 -0.286685 2.752558 1.422961 -0.363569 0.494841 0.118509 0.299580 -0.833229 -0.687550 -0.510697 1.618376 -0.869529 0.155842 -0.149420 -0.545022 1.038165 -0.776171 -0.344166 0.132017 -0.304505 0.123438 0.576393 -0.338634 1.048207 1.387167 1.125658 0.184869 0.806363 
1.419310 1.006077 -1.521027 0.166347 -0.197343 0.138318 0.006332 0.149556 -1.215849 0.959474 0.296171 0.378179 0.317576 0.113387 0.661644 -0.238898 0.054933 -1.968268 1.032812 0.330484 0.929488 -0.980064 -1.184652 -0.363204 0.261917 1.737545 -1.423623 -0.190667 -0.182778 -0.066739 -0.744149 0.433565 
0.291584 -0.650908 -0.723631 0.376266 0.405605 -1.907066 0.686481 -1.944518 1.590788 -0.340930 1.200783 -1.115343 0.162842 -0.229807 0.227346 -1.575987 1.398552 -1.686138 0.377137 0.475807 1.792958 1.857345 0.340421 -0.057884 -1.771095 -0.426359 -0.521237 0.578134 -0.908393 0.141691 0.056428 -0.411400 
0.197811 0.257056 -0.593250 -0.226950 -1.419348 -0.364993 -0.854934 1.523895 0.526475 -0.173318 1.090173 0.667241 1.159116 -1.461733 -0.225576 1.825751 -1.775648 -0.086922 0.109255 -2.090502 -1.183152 0.309538 -1.592093 1.067183 -0.158840 -1.095825 1.422233 -0.595495 1.226930 0.109284 1.020303 -1.479868 
1.587699 -0.944378 0.401336 -1.148912 -0.729445 -0.848110 -1.075235 0.545810 0.264819 0.616301 -0.358703 0.795333 0.128388 -2.882336 -0.965993 0.204267 0.329654 0.307386 -0.680188 -0.174035 -0.111176 -0.489103 -2.453763 -0.676424 0.629176 1.562285 0.059293 0.172748 -0.510703 -0.549972 1.783143 1.331587 
-0.804466 -1.321789 0.942133 2.024333 1.147328 -0.764753 -0.090967 2.009927 -0.393598 0.863919 -0.129928 1.037492 1.039458 -0.047468 0.095018 -1.163396 -1.057903 0.337546 -1.765392 0.019188 -0.656766 -0.694883 -0.208121 0.252454 -1.275770 -0.437400 0.960585 -0.583977 -0.818472 -1.831281 -1.405244 0.152703 
0.696624 0.924826 0.300486 -2.359524 0.597865 -1.127695 -0.252772 1.416671 -2.176310 -1.416914 0.733738 -0.020431 -0.116771 -0.462466 -0.256733 0.120610 -0.643369 1.066992 -0.963568 -0.860027 1.879734 -0.180393 -0.981930 -1.910667 -0.300040 0.318284 1.634907 1.145026 -1.261771 -0.130877 0.114010 1.677299 
0.835088 0.000050 -0.373071 -0.509972 -1.281281 0.078189 1.194824 0.011481 -1.195654 0.199952 0.120332 0.618953 -0.648297 -0.576646 2.310131 -1.443518 0.258441 0.332942 -0.645633 -0.022949 -0.896081 1.256283 1.531119 -0.915357 0.196849 -0.581963 -0.290269 0.469943 -1.467648 -1.564971 -0.433284 0.008565 
-0.243715 -0.054919 0.815489 -1.321626 -2.203264 2.106630 0.606064 -0.939049 0.365328 0.195827 1.136331 1.803064 -0.037981 -0.845968 0.190060 0.582346 0.891694 -0.073484 0.452528 -0.602317 1.331506 1.910744 1.372670 0.940145 -0.522584 -1.568796 -0.409617 1.375927 0.275779 -0.164667 0.544602 -1.778385 
0.215670 0.911127 0.798887 -0.636128 -0.571246 -0.715847 0.540514 -1.738908 2.412443 -0.151132 -0.686773 0.052993 -0.199325 -1.817236 -0.173404 -0.181465 -0.836622 1.047757 0.614498 0.869902 -0.624573 0.027193 -0.612118 -1.743464 1.573180 -0.947335 -1.317120 -0.041760 -0.331746 0.207346 0.168916 1.690067 
-1.165844 0.594584 0.120205 0.317851 0.213996 -0.280516 -1.444939 0.016971 0.740247 0.892784 0.471683 -0.177890 0.881670 -0.521731 -0.014029 0.042010 0.553148 2.058863 -0.785301 -0.570812 0.776679 0.427129 -0.966737 1.414846 0.769435 1.312238 -0.277297 -0.059309 0.788484 0.197962 -0.588628 -0.291389 
-1.147953 0.350201 0.571248 0.138048 0.942377 1.166475 -0.967694 0.219159 0.309746 -0.364190 0.288342 1.772483 -0.056144 0.161436 -0.612738 0.361842 1.458409 0.026693 0.828176 1.304680 -1.324254 0.323365 -0.216395 -0.484102 -0.578758 -0.415142 -0.714693 0.313304 -0.056694 -1.386272 -1.807188 0.924400 
0.104875 1.250251 0.412796 -0.710735 0.093725 1.212821 0.202051 1.045821 -0.541987 -0.826189 1.391855 -2.508804 -0.841239 -1.061811 2.071800 0.853715 -0.855082 -0.240524 0.667417 -0.042644 1.500277 -1.648968 -0.316082 0.527767 0.331623 -0.150183 -0.219285 1.448391 -0.209686 0.366600 -1.214175 -0.722240 
0.722254 0.929789 -0.986962 0.777004 -1.122312 0.485541 -0.347878 -0.950983 0.122283 0.276011 -1.345502 -0.456589 -0.154844 0.450494 0.637024 -0.809772 -0.992123 1.038475 -0.125501 0.895531 -2.202903 0.140338 1.385317 -1.176278 1.128817 0.300038 -0.225583 -2.390148 -1.721466 -1.210466 -0.606400 0.611835 
2.585491 0.239763 0.759568 0.622394 0.306158 1.026016 1.290088 0.794797 0.962279 0.459797 0.000747 2.430378 1.188595 -0.272798 0.074894 -1.467051 -0.011699 -0.507225 -0.951229 2.284856 0.322515 -0.498043 -0.348295 0.754809 0.248219 1.176818 -0.728364 -1.676554 -0.775464 0.251672 -0.273702 0.834988 
-0.666891 -0.690361 -0.657201 0.647381 -1.172335 0.870726 1.341154 0.071430 -0.253975 -0.217507 0.053495 -0.471454 -0.414907 -0.101454 1.123267 -0.103896 0.626911 -1.483080 0.892040 0.066827 0.421004 -0.427773 1.205511 -0.001411 0.556922 0.152397 -1.144683 1.266753 0.104430 0.603201 1.175743 1.013086 
0.187331 -0.651554 -0.603918 -0.425632 -0.960967 -0.381758 -0.580798 -0.773687 1.891756 0.796123 -2.341905 -0.560328 -0.658617 -1.429106 -0.033128 -0.822913 0.001499 -0.106488 -0.129722 1.494589 -0.820701 -0.150874 1.237243 1.254061 0.643141 -0.258489 -0.377687 1.893535 -0.428145 1.598406 -0.594572 0.499049 
-0.082494 1.192102 0.176947 1.048581 -0.653735 0.428893 0.875136 0.774162 -1.220254 -1.518023 1.248095 -1.226467 0.983991 -0.764409 -0.097748 0.424981 -0.816327 0.245264 -1.013485 -1.072464 -0.966459 -2.890810 2.519724 -0.546744 0.739145 -0.852471 0.014626 -0.204774 1.275047 -2.050804 0.372034 -0.040811 
-1.933023 -1.611830 -0.307503 0.660707 -1.229394 -0.299131 1.395450 0.265655 -0.376237 -1.074917 2.809232 0.792950 0.101227 0.410138 -0.556620 -1.854684 0.115148 0.145793 0.252287 1.823345 0.609348 -0.734542 -0.379450 -0.735355 -1.322745 0.582815 -0.895671 1.353813 -1.831431 0.829262 0.905824 0.144478 
-0.438966 -0.024462 -0.131820 2.508772 -0.270965 -0.899869 0.320985 -0.235106 0.052429 -3.072166 -0.232185 -2.109940 -0.362706 -0.789933 -0.615499 0.858575 0.207069 -1.118085 0.523585 -1.208429 -1.036211 0.756215 -0.475269 -0.756078 -0.676794 -2.088307 0.352239 2.170193 -0.181198 -0.162155 0.231663 0.302345 
-1.794679 -1.948847 0.595358 1.063460 -0.899950 0.634745 1.623382 1.877292 -1.953934 0.521407 0.287032 -0.799395 -0.738828 0.161637 1.604553 0.306394 -0.444562 -0.596941 -1.461630 -0.065392 -0.028238 0.120793 1.675725 1.974707 -0.352888 -1.174982 -0.144128 0.189696 0.114576 -0.075310 0.084798 -0.738462 
0.840376 1.020498 1.046833 1.156922 -0.285686 0.067454 1.062433 0.609239 0.565421 -0.991024 -0.464604 0.566975 -1.479842 1.977904 0.768495 -1.111562 -1.120490 -0.679488 1.866406 -0.326836 -2.819767 -0.515906 -0.738369 -0.329711 -1.597429 0.736325 -0.260656 -0.455527 -0.722358 -0.562404 -0.610547 0.550423 
-0.888032 0.861716 -0.197959 0.052979 -0.462422 -0.187121 0.214105 -0.110274 0.077794 -0.253126 0.384318 -0.001443 0.153372 0.795266 0.086933 -0.317241 0.435358 0.955054 -2.149052 -1.149151 -2.081050 -0.340858 -1.815503 -1.609013 -1.401885 0.446869 0.911733 -0.477194 0.112003 0.234155 0.841320 -1.064474 
0.100093 0.001162 0.327678 -1.288386 -0.409785 0.291727 0.876803 0.277457 0.080701 1.009265 -0.379828 0.623925 -0.317017 1.037367 1.704359 0.837863 0.017089 -0.130801 -1.635237 -1.308042 -0.044753 -1.079992 0.086728 0.948567 0.357646 -1.276840 2.306182 -0.256130 1.661267 -0.258619 1.628617 -1.905378 
-0.544529 -0.070837 -0.238302 -0.371221 -0.503539 0.987695 0.194407 0.087046 0.794708 0.051012 -0.101778 0.126441 0.318918 2.360330 0.023634 2.426465 -0.362986 0.649404 1.224019 0.646383 1.117955 -0.697389 0.500258 0.024952 0.358910 0.537017 0.847643 0.798674 -1.050389 -0.618763 0.475538 0.166566 
0.303521 -2.486284 0.229597 -0.757792 1.233297 0.392935 -0.414892 0.173593 1.043689 -0.440433 1.618151 0.680868 -1.456547 1.175395 0.290043 -0.351089 -0.631237 0.598515 0.325174 -1.389204 -1.649504 -0.582997 -0.362981 -0.355872 0.924599 0.469469 0.642691 -0.170647 -0.350882 -0.538606 0.307314 0.197732 
-0.600327 0.581172 0.439998 -0.563969 0.610305 0.194551 0.358459 0.453591 0.802185 -0.848469 -0.847230 -1.287416 1.321835 0.397740 -1.419899 1.381962 -0.500325 -0.192501 -0.428913 -1.340683 0.678667 -0.186125 -0.350692 0.516817 0.365598 -1.184301 0.004720 2.037309 -1.419081 0.616282 0.235370 0.220736 
0.489965 -2.192435 -0.616866 0.555139 0.059072 0.279785 0.036223 -0.603518 -0.468824 -0.240371 -0.575883 0.218085 0.487204 1.951249 0.475274 -0.860655 -0.867193 -1.980799 0.011596 1.128872 0.494323 0.587961 -1.362910 0.887479 -0.766782 -0.071777 0.129787 -0.339681 0.727938 0.491627 1.034038 1.772844 
0.739363 -2.319280 0.274837 -0.556778 -1.466947 0.051220 -0.364631 -0.797024 -0.046592 0.602929 -0.075913 -1.566567 -1.566626 -0.904656 -1.447319 0.206890 -1.040093 0.362938 0.731318 0.001696 -0.588469 -0.021041 1.722804 -0.637178 -0.015724 1.602089 0.581429 -0.715856 -1.206055 1.100620 -0.330897 1.232882 
1.711888 0.079934 0.601102 -0.895113 -1.625803 -0.774466 1.771020 0.360649 0.353453 -1.516254 -0.132472 0.783282 1.057060 -0.682152 -0.988280 -0.207497 1.265431 0.703950 -0.868023 0.379684 -0.023925 -0.079761 0.201372 0.110898 -0.716512 -0.493521 -0.552980 0.544520 -0.858194 0.362945 -0.512193 1.863793 
-0.194124 -0.948481 0.092308 -0.409328 -1.964752 0.786782 0.221273 1.885092 -1.256801 -0.068349 1.439310 -0.310570 -0.587578 2.018292 0.949380 0.340257 -0.241458 -0.752597 0.928160 -0.901332 2.191313 -0.835515 -0.547687 -0.310655 0.867158 -1.347546 -1.492559 0.235311 1.422953 -0.145894 0.531864 0.220351 
-2.138355 0.411491 1.729841 -0.160887 2.605196 1.408907 2.730378 -0.306822 -1.036031 0.782393 2.031263 0.655324 0.302222 0.454343 0.351224 -0.498112 -1.729031 -0.016917 0.697317 -0.196794 -1.400581 0.978620 0.401812 -0.578100 -1.510950 0.158755 0.429112 0.462526 0.823420 -1.138372 -0.306481 0.908635 
-0.839589 0.676978 -0.608557 0.409334 0.972375 -0.534099 -0.296165 -1.012724 -0.426963 -1.420726 -0.978202 -0.537467 0.219462 -0.042104 -0.872282 -1.421395 -0.488241 -0.441664 -0.045150 0.306942 0.480099 0.235478 0.834395 0.475525 0.859447 -0.560155 -0.701866 -2.093876 -0.755970 0.314784 0.891824 -0.591170 
1.354594 0.857733 -0.737060 -0.952636 0.256981 1.927758 0.564296 -0.238546 0.077669 0.669365 -0.641024 0.328643 -0.878201 0.458167 -0.398127 -0.270774 1.060384 1.701335 0.191211 0.167457 0.207551 0.566048 -1.048297 0.721367 0.498097 -0.358705 0.393717 -0.150003 1.016543 -0.306585 -1.463869 -0.230980 
-1.072155 -0.691159 -1.749879 0.317317 -0.974240 -0.176248 1.582621 -0.484015 1.790930 0.683237 0.520476 1.054072 -2.861400 -0.264144 0.256436 0.439663 -0.538154 -0.030569 -0.628763 1.788079 0.322085 0.219290 0.225263 -1.370137 0.773094 0.410164 -0.830542 -1.833525 -0.659096 0.221515 1.326366 -1.747769 
0.960954 0.449378 0.910483 0.078020 -1.146364 -0.243750 2.729230 -0.327345 0.797263 -0.882136 -0.380700 -1.979699 0.535555 -0.291985 0.220025 -0.506144 1.777338 0.203918 -0.856613 -0.624082 -0.005880 0.807711 -0.482370 1.110128 -0.578618 -0.054833 -1.253417 0.185339 0.106027 0.874580 -0.730619 0.069832 
0.124050 0.100633 0.867083 1.324385 0.547640 -0.897601 0.303564 0.475518 -0.442501 -1.504509 1.992852 -1.867388 -0.342037 -0.386798 -1.711441 -0.184348 -0.779519 -1.047810 -0.388713 -0.149961 0.281389 1.512527 1.650715 0.148840 0.197132 -0.381441 -1.403430 0.764989 1.834367 -0.492847 0.238549 0.926981 
1.436697 0.826070 -0.079893 -0.213170 1.565084 -0.792337 -0.790258 -0.130005 -0.629091 0.433139 1.635870 -1.832356 -0.597859 -0.553993 -1.205755 0.401999 -0.752972 -0.735370 1.028508 0.832215 -0.251339 -0.431633 0.158926 -0.236036 -0.041034 -1.031727 0.281101 1.179579 2.257163 -0.482260 -0.467879 -1.058176 
-1.960900 0.536157 0.898476 -0.134479 -1.693344 -0.952975 0.803380 -0.594353 1.533796 0.808256 0.559019 0.848592 0.418913 -0.943728 -1.772914 0.539228 -1.033133 -1.356563 -0.239720 0.948091 -1.693459 0.542561 -1.124685 -1.588481 -1.510849 -0.820251 1.954539 0.752968 -0.443152 -0.259193 0.713571 -0.222485 
-0.197698 0.897888 0.183703 -1.171356 -0.449397 0.353905 -1.319903 -0.443767 2.733540 0.578938 0.563638 0.405187 -0.689681 -0.059848 -0.072492 -0.733593 1.163839 0.728586 -0.451623 -1.973738 -0.584016 0.679300 -0.111063 -0.257212 0.484784 -1.023511 0.200438 0.484078 -0.030011 0.212596 -1.417496 -0.724081 
-1.207845 -0.131938 0.290790 -1.385263 -0.084292 1.597026 -0.273846 -1.322530 0.167439 0.762849 -0.338397 -0.702456 0.671191 -0.574685 -1.721115 -0.268372 -0.580106 0.607187 -0.979267 -0.391879 0.234443 -0.008767 0.449051 -0.069560 0.442595 -0.605165 0.490504 0.775438 1.039091 2.036937 -1.067294 -0.808408 
2.908008 -0.147201 0.112945 0.310508 -1.991997 0.527470 0.271867 -0.859521 -0.478865 -1.182127 0.763647 1.499046 0.150897 1.441855 0.701881 0.870598 0.417302 -0.828285 -1.133447 -0.676711 0.258786 1.911941 2.100583 0.103799 -0.743105 1.760523 0.143809 -0.056661 0.607512 -0.872895 1.632380 0.902393 
0.825219 1.007773 0.439952 -0.249489 0.841246 0.854202 1.489554 -1.413001 -1.412654 0.583848 1.127442 0.137795 -0.991319 0.235527 -1.005468 0.330761 -1.648125 2.887644 0.022121 -0.016021 0.603656 -0.978616 0.039567 -0.436501 1.240029 0.147654 0.230096 -0.038501 -0.233022 1.339927 -0.975389 0.067267 
1.378972 -2.123655 0.101662 0.503744 -0.414659 1.341847 1.437142 -0.515986 0.974988 -0.580010 0.141571 -1.586821 0.836830 1.021377 -1.106427 -1.347897 -0.572675 0.919135 1.040239 0.515175 2.220965 -0.486129 0.571573 0.926095 -1.765123 -0.549355 2.365475 1.020447 -0.209470 -0.215432 -0.698362 0.739593 
-1.058180 -0.504586 2.787335 -0.892661 1.912181 -2.499533 -0.027561 -1.085098 0.289719 -0.561367 1.928134 -1.019146 0.474509 -0.139831 1.790560 1.547872 0.659232 0.405789 1.231484 0.444830 -1.654131 0.077898 1.200726 1.568029 -0.410994 -0.127864 -0.781268 1.087284 -0.784028 0.897896 0.062317 0.396775 
-0.468616 -1.270594 -1.166665 1.908512 -0.390899 -0.167559 0.923931 -0.707159 1.165408 -1.555896 0.670638 -1.385234 1.252166 -0.081551 2.162384 -0.616637 -1.280402 1.916184 0.560179 1.140898 0.680410 0.026201 0.508772 1.243630 -0.390830 0.245328 -0.158889 -0.470830 -2.271980 0.059707 -0.798705 0.935792 
-0.272469 -0.382585 -1.854299 0.122231 0.409182 0.353015 -0.321280 -0.301655 -0.908706 1.100208 -0.110111 0.954886 -0.892623 1.258247 -0.819278 -0.698571 0.050124 -2.455688 -0.309039 0.447681 0.135829 -0.222784 -0.869762 -0.230549 -0.713717 0.276074 -0.673709 -1.797280 -0.156652 -0.534212 0.146707 -2.257204 
1.098425 0.648679 -1.140681 1.047033 -1.142428 0.717254 0.661125 -1.200441 0.240575 0.175058 0.370962 -0.601120 -0.895274 1.468534 -0.037050 -1.423595 0.548403 -0.091063 -0.367604 0.315440 -0.037987 -0.479705 -0.161065 0.335604 -0.663945 0.318718 0.714048 -2.295323 -1.197869 -0.259200 1.175926 -1.022123 
-0.277872 0.825727 -1.093343 -0.226920 -0.624864 -1.304852 1.915294 -0.019362 -0.654046 1.003611 1.096595 -1.171891 0.313326 0.032941 1.963004 -0.109632 1.778447 -0.024680 0.365633 0.945592 -0.693137 0.824587 -0.657825 0.406721 0.483047 1.090540 0.255189 -1.622579 -0.227940 0.958874 0.068684 -0.171885 
0.701541 -1.014944 -0.433609 -0.162502 -1.168723 -1.005869 0.156760 0.340371 1.274955 1.511008 -0.398163 -0.577110 0.667033 1.692478 -0.540266 -0.102712 0.641087 0.199936 0.937439 0.428663 -0.127525 -0.060403 0.706752 -0.621799 -0.873795 -0.343882 -0.327262 -1.000072 2.468299 1.266786 1.726186 0.347912 
-2.051816 -0.471070 -0.168470 0.690052 0.392575 0.790683 -0.300536 -0.963231 -0.551191 -1.137239 -0.085463 -0.836431 0.828117 0.475729 1.717504 -0.322717 0.946703 -1.038315 0.974244 -1.324607 0.680362 -0.806764 1.540317 -0.011487 0.068880 0.355116 0.742107 0.447118 0.033886 0.961022 -1.449740 1.148433 
-0.353850 0.137025 -0.218534 0.555757 1.301840 -0.116571 -0.500035 1.113923 -0.087409 0.643018 2.373287 0.852970 0.006509 0.368530 0.819808 -0.839587 -0.354255 0.529367 -2.118924 0.109822 0.426215 1.712838 -0.021942 -0.589719 -0.425122 -0.618615 -1.005704 -0.775841 1.509528 -0.563761 -0.284643 -0.639624 
-0.823587 -0.291863 0.541334 -1.120255 -0.593642 0.553090 0.716471 -1.586105 -0.347820 -0.012760 -0.473921 0.477331 -0.235892 2.192001 0.055521 -1.660551 -0.578817 -2.217119 -0.046465 -1.654722 -1.605669 0.912158 1.054762 0.068756 -0.128362 -1.858950 0.119421 -0.085334 -1.110714 -1.288824 -0.874042 -0.604947 
-1.577057 0.301819 0.389266 -1.532693 0.436375 -0.960645 1.337289 -0.391795 0.993963 0.914260 0.946341 0.302320 0.652821 1.535685 -0.353125 3.012487 0.056473 0.107416 -0.966781 1.110672 0.906211 1.488842 -0.696758 1.610037 1.932349 -0.571936 0.200442 0.369391 1.275573 0.400868 0.368500 -0.285155 
0.507975 0.399931 0.751229 -1.097868 -0.504362 -1.633802 2.125680 -1.484686 0.428436 1.107695 0.818162 0.415776 1.964533 0.907260 1.693149 1.500840 -0.893323 0.438909 -0.471249 -2.107862 0.249514 -0.026748 0.159301 -0.187034 -0.541858 1.417977 1.573851 -1.386211 -1.673614 0.527980 -1.261668 0.695220 
0.281984 -0.929962 1.778256 -1.415773 0.102108 0.761200 0.054046 -0.344627 -1.004185 0.820471 1.588971 0.042975 0.884584 0.402260 0.711050 -0.358992 1.122078 -0.040993 1.735227 -0.549837 1.894228 1.915824 -0.176470 -0.730761 0.885521 -0.354595 0.538628 -0.850250 -0.279926 -2.512551 -1.759595 0.106435 
0.033480 -0.176830 1.223063 0.059571 1.196251 1.193307 0.163036 -1.323916 -0.632688 -0.817612 0.526012 -0.948853 0.084537 -0.538382 -0.632764 -0.114879 0.775829 0.364309 -0.777530 0.094261 -1.112379 0.919677 1.630259 1.377439 0.037869 1.021880 0.033061 -0.749382 0.290753 0.024231 -0.393533 1.125702 
-1.333678 -2.132095 -1.283256 -0.411251 0.120283 1.632057 -0.632707 -0.574835 -1.045710 -0.126485 -2.465198 0.541608 -0.574514 -0.115215 0.392726 0.358901 0.962496 -0.763698 -1.683797 -0.038220 -0.722042 -1.808099 0.293964 0.873068 0.031480 0.601820 -1.341746 -0.801789 0.620103 2.095560 -1.815038 -0.771932 
1.127492 1.145362 -2.328955 -0.368011 -1.036843 -1.532190 1.611991 -0.740707 0.505707 0.264143 -0.852528 -0.821128 0.499751 1.822000 -0.877962 -0.012137 1.260784 0.549524 0.177027 1.882927 -1.752187 -1.265308 0.767713 -0.525402 -1.902610 -0.597251 -1.470908 -0.439249 -0.124262 -0.188437 -0.898105 0.411134 
0.350179 -0.629091 0.901931 -1.360963 -0.857103 -1.336852 -0.075449 -1.185002 0.331954 3.158528 0.511735 -1.071905 -0.484104 -2.021507 0.148945 -0.570360 -0.107919 -0.374638 -0.124478 0.055461 0.003612 0.583631 -0.341187 -0.736998 1.020773 1.913355 0.590631 0.787179 -1.082224 -0.644192 -0.547302 0.387188 
-0.299066 -1.203850 -1.835639 0.779567 -0.169874 -1.473846 -0.473237 -2.064860 -1.635413 1.226617 0.257775 -1.074092 0.238446 -0.636977 1.531878 0.934035 -0.577158 -1.659159 -0.415555 -0.613890 0.995144 -0.116188 -0.633403 1.410895 0.154524 0.873432 -0.700184 -0.507471 -1.217676 -1.007767 -1.670392 -1.644008 
0.022890 -0.253945 0.066757 0.439411 -0.191668 -0.041663 2.184241 0.565060 -1.906840 2.320635 1.962447 0.869553 0.778248 -0.188803 0.531848 -1.138317 0.525633 -0.310229 0.879458 0.587017 -0.478969 -0.143812 0.394703 0.031370 -0.434016 0.902577 -0.241191 0.694311 -0.722157 -1.810960 0.563919 0.296389 
-0.261995 -1.428647 0.035479 -0.089622 -0.865815 -0.615507 0.809881 2.000142 -0.040399 0.414498 1.406315 0.981051 0.924273 0.148275 -0.759667 1.957238 1.151960 -0.619943 0.566128 -1.206709 -0.519101 1.074770 -0.818439 0.185255 0.037427 -0.909634 -0.869417 0.340327 -1.019166 -0.489440 0.305612 1.739694 
-1.750212 -0.020858 2.227168 1.021180 0.180664 1.314155 0.716343 2.223328 0.697193 0.211832 0.496834 -1.758825 0.588138 -1.783880 0.347984 -1.763229 0.858379 -1.024591 0.375917 0.545331 -0.294660 1.702189 -1.361730 0.349282 -0.109008 -0.647075 0.181603 0.191856 -0.579086 0.301429 -0.627149 -1.197785 
-0.285651 -0.560665 -0.069214 -0.873979 1.266528 -1.455067 -1.005571 -0.492178 0.168803 0.613167 0.082831 -0.148096 1.377934 0.529068 -0.697803 -0.323334 0.945576 0.504999 -0.276954 0.250930 -0.160550 0.391235 -0.302117 -0.629058 1.832023 0.646443 0.227880 0.975032 -0.950524 -0.983907 -1.392339 -0.637081 
-0.831367 2.177779 -0.507323 0.414700 -0.251169 -1.742349 0.433987 -0.046003 -1.543796 -0.527777 -1.548478 0.251942 1.851205 0.729732 2.019315 0.872592 1.506130 0.040473 0.350099 -0.392747 1.023516 0.127332 1.599174 1.088883 -1.106846 1.199753 1.744720 2.140161 1.242057 0.253466 -0.275296 -1.016758 
-0.979206 1.138465 0.235810 0.348441 -0.204570 0.205305 0.520144 -0.465747 -1.551802 1.241601 1.863160 -0.610385 -1.897665 -0.940135 -1.793700 0.117915 0.295338 -0.254730 -0.291307 -0.622042 0.015895 2.250931 -0.392321 2.353137 -0.561533 -0.026380 1.817874 1.467333 0.269916 0.787968 -0.167850 1.129068 
-1.156402 -2.496887 0.245805 0.349254 -2.201522 1.192930 -1.092245 0.075947 0.867078 -0.157631 0.134027 0.760980 -1.778684 -0.259287 -0.659508 -1.503055 1.204097 -0.547736 0.186078 -1.190477 -0.482657 -0.010678 0.220828 -2.487824 0.262806 1.711935 1.061633 -1.584034 0.283467 -0.593296 -2.172947 -0.556514 
-0.533557 0.441327 0.070045 -0.729247 -0.774513 -0.802823 -0.225794 -0.918770 -0.145373 -1.373602 -1.546003 0.254430 -0.922641 -1.213545 0.771453 0.921835 -0.011846 1.676594 0.576599 -1.878467 0.634675 -0.450549 -0.593722 0.197966 1.854164 -0.127799 1.083985 0.529912 -0.838984 0.492204 1.307418 0.751358 
-2.002636 -1.398138 -0.608581 0.326840 -1.393273 -1.265636 -0.404922 -1.919467 -0.386242 0.870838 0.433282 -0.152834 -1.997927 1.624550 -0.820341 0.163245 0.789500 1.173003 0.339657 -0.424008 -1.364438 -0.595050 -2.050393 0.945361 0.257336 0.718055 -1.169672 -1.246844 0.276812 0.565485 0.435530 -1.644760 
0.964229 -0.255055 -1.222593 -0.514882 -0.386235 -0.149331 0.527859 -0.036443 1.316204 -1.568533 0.102954 -0.557411 -0.357100 0.373512 0.017888 -0.814671 -1.403582 -0.189061 -0.672827 0.777242 0.598625 -0.735670 0.000427 -0.795836 1.111137 0.003367 1.275773 -2.010796 0.323012 -0.042806 -1.753546 -1.822552 
0.520060 0.164404 0.316500 -0.896446 0.525586 -1.636447 -1.006963 -1.225126 -0.796464 -1.844253 -0.570346 0.677018 -0.336401 -0.250892 0.654535 0.403710 1.542106 0.086573 -0.537014 -0.713926 -0.206498 0.081695 1.693660 0.089737 0.752619 1.093951 -0.941572 -1.210709 -0.936049 1.956449 1.978079 0.997356 
-0.020028 0.747734 -1.342869 -1.203268 1.523269 0.017344 1.089027 -1.902434 0.135441 0.288410 0.493062 0.849297 0.250426 -0.925456 1.257699 0.756157 -1.774907 1.512560 -1.040158 1.584640 2.139366 -0.860857 -0.331528 0.170593 0.718946 -0.327079 -1.599450 -2.181912 -1.189174 -1.272202 -0.153547 0.593306 
-0.034771 -0.273047 -1.032184 1.037816 1.798494 0.828387 1.784875 2.374249 0.417806 -0.950911 -0.707513 0.469307 0.286162 0.098660 -0.927080 2.184440 0.205657 1.793271 0.997284 -0.888311 -0.648814 -1.858410 -1.150145 -0.599750 1.287539 -0.031385 3.166253 -1.131275 -1.934935 0.275066 -1.473391 0.280074 
-0.798164 1.576300 1.331216 -0.845944 -0.116884 0.217738 -0.303755 -0.233346 0.819880 -0.910732 -1.348025 -0.239782 -0.686169 1.684280 -0.169878 -0.093783 -0.346210 1.102621 -0.026054 2.140830 0.423592 -1.284887 -0.990672 0.706568 2.291230 -1.508315 0.318667 1.354297 0.872793 -0.926744 -0.926045 0.967068 
1.018685 -0.480937 -0.418903 -0.172914 -0.320196 -1.909245 -0.008697 0.403881 -0.854353 -0.161949 -1.754302 0.920985 -0.813314 0.275259 -0.471672 -0.294206 -1.158983 -0.325847 -0.656999 -0.692178 0.117865 0.436202 0.364190 1.214850 0.147585 0.302254 -0.662937 -0.476487 -1.012148 -0.721762 0.262707 0.067591 
-0.133217 0.327512 -0.140322 -1.208652 0.817516 -0.536822 0.506635 1.192469 0.357319 -0.488902 -0.363809 -0.906881 0.793403 0.353289 -0.114233 -0.504806 0.335826 -0.582815 0.677746 0.099297 -1.080778 1.091283 -0.420331 0.223226 -0.290020 0.089736 0.007926 2.680722 0.046738 0.440974 -1.439795 0.139905 
-0.714530 0.664734 0.899822 -0.297127 0.490159 -0.302032 1.203252 -1.684759 2.748467 -0.222782 -0.627094 0.144441 -0.381945 -1.200376 0.369487 -1.926999 0.332243 0.751587 -0.510834 1.434978 0.875527 1.202602 0.983622 0.369662 0.187214 0.528095 0.069009 0.390817 0.083111 1.092895 -0.473544 -0.874892 
1.351386 0.085189 -0.300111 -3.232038 0.765251 1.813582 0.522018 0.413149 -1.512977 0.272066 0.440150 1.396409 -1.371204 0.166129 -0.618615 0.521381 1.411209 -0.863734 0.446005 1.233401 -2.226282 2.312864 -0.275765 -0.546501 -0.303182 0.338199 -2.070028 1.003997 0.091216 0.170103 -0.101506 0.009506 
-0.224771 0.880953 1.029366 -1.086959 0.778279 0.914852 0.397046 0.501745 0.433979 -1.168531 -1.502641 -0.189699 0.010307 0.776162 0.800115 -2.054411 0.136863 -1.070876 1.516635 -0.757645 -1.946111 -1.083979 -2.085524 1.118490 -2.311344 -0.669335 -0.715550 -0.145994 -0.638205 1.304850 -0.424969 -1.100317 
-0.589029 0.323213 -0.345066 -1.426436 -1.480305 -0.057081 -0.482811 0.083064 -0.229768 -1.224234 -0.208235 -0.843836 0.204132 -1.381435 0.426696 -0.269838 0.577628 -0.355237 0.937756 0.738578 -1.309595 1.364534 -0.439471 -0.090271 -0.115951 0.664038 0.529319 -0.279578 -0.226351 -0.930131 0.203667 -0.890700 
-0.293754 -0.784146 1.012802 -1.014451 0.540364 1.309362 -0.231497 0.157798 -0.827086 -2.099479 -1.505125 1.943438 -0.411026 1.128279 -0.472331 -0.275032 0.243088 0.955880 -0.160163 -1.114361 1.305623 0.081680 0.711924 0.440657 0.167839 2.610158 0.035540 -0.783368 -0.306915 0.338158 -0.712013 -0.477232 
-0.847926 -1.805373 0.629335 -0.213267 -0.091539 -1.044736 0.613385 -0.527943 -0.831983 -0.390243 1.809741 -0.246922 0.663561 2.465440 0.275952 0.845145 1.467671 0.159282 -0.113838 -1.705869 0.983970 -0.467782 1.026476 1.174762 -0.366299 -0.641464 -1.662895 0.160817 1.349571 -0.530894 -0.250516 0.138735 
-1.120128 1.858593 -0.213015 -0.325348 -0.760252 -0.348267 1.682851 0.723061 0.497900 0.664282 -0.116973 0.441619 0.225782 -1.557917 0.984227 -2.771181 1.130554 0.244942 1.937126 0.661162 -1.251386 -0.426380 1.284935 -0.297240 -0.216874 0.932285 -0.491492 -1.482935 -1.156184 -0.757357 0.190727 1.602835 
2.526000 -0.604530 -0.865697 1.944398 -0.693595 1.412561 0.568394 -0.849942 2.315626 -0.702264 1.226209 -0.803611 -0.212843 -2.066648 0.993107 0.918075 0.010653 1.124750 -0.170799 -1.729642 -0.179754 0.889625 1.000720 -0.194184 1.236237 -0.577766 -0.150067 -0.850066 -0.205912 -2.631560 -2.220087 0.377530 
1.655498 0.103360 -1.043108 -0.571773 1.281458 1.502383 -1.206029 -0.796384 -0.793826 0.501328 0.494943 0.287609 -0.044035 -0.072599 0.668209 -0.519254 0.124334 0.234628 0.301169 -2.138074 -0.743406 0.649750 1.073391 0.090557 0.082520 -0.908426 0.081332 -1.069225 1.066402 0.760182 -1.918207 0.406145 
0.307535 0.563167 -0.270069 -0.250032 -0.809738 0.730376 0.433060 0.725338 0.540960 0.540314 0.908595 0.467018 0.458182 0.759111 -0.064998 -1.293012 1.779431 -1.138562 0.325989 -0.060048 0.233242 -1.806179 1.894032 -0.223316 -0.029898 -1.122812 -1.678777 0.168338 0.421068 1.874850 -1.067078 0.543279 
-1.257118 0.113597 -0.438141 -1.569315 -1.236818 0.490752 -0.092121 1.686544 -0.559061 0.990751 -1.154219 0.004562 -0.441417 -0.081664 -0.620099 -0.008718 -0.239472 0.842094 0.924837 1.385691 2.101345 1.024696 1.534432 -1.268929 -0.661346 0.575368 0.255336 1.515902 -1.088209 0.499641 0.079854 1.203668 
-0.865468 -0.904726 -0.408674 -0.477383 0.214686 -0.586126 -0.244055 -0.386394 1.976566 0.989378 1.257556 0.326090 -1.054947 -0.158473 0.224104 0.233353 0.857992 0.476342 0.215291 1.217816 -0.876666 0.825232 0.175589 0.482404 -0.557244 0.033244 1.529051 2.157529 0.793152 1.376323 0.202795 0.580419 
-0.176534 -0.467715 0.983545 -1.337977 2.010772 0.744900 -0.219189 -0.505078 0.544660 -0.688841 1.452532 1.204587 -0.155584 0.006498 -0.466136 -0.424196 -0.878355 -0.088390 0.366249 -1.495051 1.948789 -0.236332 -0.476118 -1.441534 -0.100903 0.873699 -1.592727 -1.755702 -2.701836 0.058980 -0.731122 0.063672 
0.791416 -0.124890 -0.297697 0.030299 0.025554 -0.828155 -0.879767 0.408074 -0.137906 -0.856838 -2.076811 -1.404116 0.129148 -1.064608 -0.332087 -1.469449 -0.761946 -0.413036 0.322151 0.037283 -0.465272 -0.981266 -0.279749 -0.304453 0.127927 -0.190014 0.438790 0.346747 -0.492590 -1.230420 1.312434 -0.433043 
-1.332004 1.478958 1.143679 0.853087 0.308299 0.574521 -0.320804 1.072356 0.619876 0.048390 -0.176488 0.205564 0.509428 -1.643915 0.924815 1.206420 0.862783 -0.544583 2.689003 0.802871 -0.651917 -0.769588 0.702630 -1.408391 0.388609 -1.175362 1.343651 -0.654101 1.567747 -0.872472 1.133004 0.597220 
-2.329867 -0.860816 -0.531620 0.404253 -0.938247 0.281841 -0.784415 0.967983 -0.005583 -0.664853 -0.652082 -1.991196 -0.030124 1.581550 1.447026 0.197342 0.648305 -0.024007 0.876069 0.973854 0.609631 -1.236123 1.208175 1.301448 1.635242 -0.198348 0.380348 -1.081478 0.498461 -0.802666 -0.177106 -1.683517 
-1.449097 0.784668 0.972566 -0.700620 1.674216 1.139306 -0.364963 0.270146 1.107199 1.452742 0.156534 0.028409 -0.457365 0.292614 0.595832 -0.706876 1.058092 -0.800514 -0.876490 1.560734 0.709124 -0.050215 -0.247559 0.085390 1.356565 -0.073768 0.589064 0.103380 0.791608 1.102376 3.325536 0.041733 
0.333511 0.308623 -0.522250 -1.630543 0.124988 -0.425868 0.117271 -0.634407 -0.185590 1.379846 -0.850226 1.930515 0.596336 -1.187609 2.053271 1.216367 -0.633191 -0.512190 -1.217447 1.586250 0.279796 -0.388664 1.512670 0.478953 -1.197197 0.612400 -0.475038 -0.471864 -0.092953 -0.480361 -0.365310 0.943244 
0.391354 -0.233860 0.176578 1.460013 0.530101 0.636140 0.174340 0.629763 -1.121418 0.095136 0.279046 0.941137 -0.113528 1.075937 -1.529250 0.367170 1.017989 -1.486675 -1.614840 0.856298 -1.467456 -0.311945 -0.724947 -0.262837 1.756589 -1.210433 -0.185189 0.051119 -0.380216 0.091442 0.983393 -0.227952 
0.451679 -1.056973 0.970738 2.050043 -0.952068 0.793178 -0.215656 -0.079234 0.246450 -0.427127 0.597094 -0.006924 0.807024 -1.297372 0.022688 -1.267516 0.171926 -0.518642 1.840080 -1.424483 -0.691317 0.221365 -0.465331 1.586840 -0.985499 -1.843127 -1.144715 0.768506 0.695916 -1.333149 -0.063022 0.576819 
-0.130285 -0.284141 -0.413972 0.120501 0.854043 -0.898377 -0.152611 1.376949 1.561037 0.510808 0.244717 -0.338242 -0.089803 -0.121770 0.095285 0.621050 -0.047474 -0.693229 -0.818926 0.039702 -0.867988 -0.297325 -0.386951 -0.403982 2.571211 0.458842 -0.121506 -0.935481 2.317060 -0.183065 -1.724852 0.172430 
0.183689 -0.086690 -0.438271 -0.989902 0.389146 0.156245 0.033688 -1.408212 -1.196622 -0.656274 -0.118347 0.528266 -0.006292 0.740772 1.614526 -1.795455 1.689145 0.577652 0.992136 -1.379912 -0.512508 -1.697195 -0.661950 1.151703 0.199287 -0.776546 -0.552618 -0.152711 -0.268399 -1.625867 1.879834 0.585028 
-0.476153 -1.469395 2.003391 1.197771 -1.156001 1.597254 0.458282 0.141232 -0.242345 -0.125017 -1.289408 1.056900 -0.091861 -0.840718 0.501273 -1.057839 1.437044 1.454967 0.533818 1.233071 -0.782086 -0.598709 0.869901 1.153125 -0.438728 -0.490773 -0.658033 -1.700357 1.437021 -0.702424 -1.063552 -0.493467 
0.862022 0.192182 0.950993 -0.592656 0.039740 0.112440 1.281631 1.289719 1.004828 -0.530467 0.057564 0.014741 -0.921238 -0.349471 -0.323840 0.151544 -2.251078 1.035485 -1.526727 1.742076 0.425789 -0.523347 -0.187086 -0.525595 -2.021303 0.550383 1.447251 -0.383253 -0.539303 0.759492 0.073731 1.671262 
-1.361694 -0.822293 -0.432004 -0.469809 -0.450599 -0.308625 0.620090 -0.494936 -1.920126 0.105586 -0.520933 1.614761 -0.926952 0.029632 0.554217 0.411264 0.356489 1.046823 2.022859 -2.001495 1.011540 -1.715829 1.851537 0.429359 -0.397981 0.018332 -0.117057 0.988852 -0.430072 1.709653 1.920815 0.396611 
0.455030 -0.094241 0.648941 0.886377 0.109248 0.456660 -0.286674 -0.624825 0.625446 1.128350 -1.279027 -0.815855 -0.961221 1.952373 0.642443 0.070498 -0.850242 0.676211 0.552296 0.835497 -0.250667 0.885678 -0.006129 0.126600 1.542144 0.164924 0.629935 -1.745698 0.650735 0.485441 0.642731 0.141010 
-0.848709 0.336213 -0.360076 -1.385220 -0.250553 -0.275101 0.598016 -0.933634 0.752960 0.742478 -0.056227 -1.997759 1.784830 0.459024 0.182625 -1.933027 -0.299551 0.546595 1.820142 -0.342818 0.554236 -2.166645 1.866280 2.114990 -0.412660 1.184304 0.375307 0.390851 -0.902053 0.097238 0.370997 -1.190599 
-0.334887 -0.904654 0.705885 -1.956754 -0.189902 0.443144 -0.245533 -0.278725 0.213484 1.143603 -0.209680 -0.748191 -0.200189 -0.399312 -2.027476 0.818722 -0.634249 0.749989 0.342644 -0.477962 0.758881 0.422127 -2.429968 -0.994220 -0.450821 1.065906 -1.014887 -1.352000 0.942276 1.073261 -0.145420 -0.193149 
0.552783 -0.288256 1.415849 0.420684 -1.032914 -0.134765 -1.780737 -0.200525 -0.770234 -0.914714 0.192102 -0.199304 0.940412 -0.225385 1.023081 1.261757 1.624477 -0.729839 0.179561 -0.889101 0.133843 -0.294809 0.361817 -1.584549 -1.313010 0.003593 -1.889858 0.218994 -1.683267 0.728019 0.245202 -1.445606 
1.039091 0.350063 -1.604516 0.400738 -0.323292 -0.018328 -2.347239 0.136741 -0.007135 0.179802 0.992332 -0.372760 0.349156 -0.280283 -3.491542 1.167343 1.241070 0.833202 -1.019318 1.263429 -0.272561 -0.364251 0.283483 0.310851 -1.173921 -0.531672 -1.433756 -0.450292 -2.420748 -2.448871 1.890168 -0.288587 
-1.117639 -1.835859 1.028853 0.095142 0.766527 0.460789 -1.713595 -0.883349 0.093187 -0.983348 0.576244 -0.847371 1.859280 1.306725 0.109490 -0.570330 0.555281 -1.198550 0.037599 0.383201 -0.542628 0.647656 1.935189 -0.969608 -0.578686 -1.193788 0.275941 -0.278529 -0.158921 -1.791567 -0.460960 -1.229140 
1.260659 1.035976 1.457968 0.496684 1.744673 1.362315 -0.237127 0.082538 0.935251 0.384829 1.305784 1.337238 0.927072 -0.284375 -1.551331 -0.393898 0.703418 0.618773 0.137123 -0.118867 -1.163105 -0.303532 0.261724 -0.589149 0.360030 0.315765 -0.301208 -1.603889 0.328882 -0.833356 -0.221539 -0.063966 
0.660143 2.424461 0.047471 1.082241 -1.160520 0.451875 -0.619626 -0.603875 0.663518 0.325698 -0.729306 -1.616317 -1.226964 -0.791710 -0.355111 -1.017434 0.458163 -0.832413 -1.521052 0.417247 -0.273517 -0.226838 1.779162 0.331433 -2.062284 2.313077 0.759503 -0.911069 1.275404 -0.873608 -0.455578 0.152207 
-0.067866 0.959401 1.746257 0.970448 2.377412 1.648384 -0.720160 -0.368728 -0.350233 1.296310 -0.864575 -0.491818 -0.327239 0.240619 1.398557 0.250206 0.683984 -0.970495 -0.018918 1.013222 0.159504 -0.871581 1.892736 -1.298053 0.667355 1.047078 -0.379947 -0.193021 0.119668 -1.600231 -0.412049 -0.484546 
-0.195221 -0.315772 0.155388 -0.568570 1.526078 -2.028362 0.040657 -0.838170 1.619877 1.099229 -0.094921 -0.969302 0.891646 -0.094646 -0.513475 0.252125 0.251290 -0.453511 0.163247 -0.869517 -0.186708 1.125760 -0.620316 1.071702 -0.481113 0.224957 -1.322303 0.071679 0.954429 -0.678254 -0.172482 1.632898 
-0.217606 0.428623 -1.237120 0.809972 0.168508 -0.449257 -0.658981 -0.282475 -0.050833 0.653223 1.383214 -0.474108 0.288186 0.793235 1.917180 -0.771479 -0.178504 -1.302708 -0.721151 -0.794680 0.217904 0.991619 -1.190657 0.421407 0.804328 -1.097890 0.096332 -0.191313 0.240560 -0.931177 0.618874 1.368896 
