1 192 8 53387 200
3 4
0.000000 0.000000 0.000000 0.000000 0.000000 0.000000 0.000000 0.000000 0.000000 0.000000 0.000000 0.000000 0.000000 0.000000 0.000000 0.000000 0.000000 0.000000 0.000000 0.000000 0.000000 0.000000 0.000000 0.000000 0.000000 0.000000 0.000000 0.000000 0.000000 0.000000 0.000000 0.000000 0.000000 0.000000 0.000000 0.000000 0.000000 0.000000 0.000000 0.000000 0.000000 0.000000 0.000000 0.000000 0.000000 0.000000 0.000000 0.000000 0.000000 0.000000 0.000000 0.000000 0.000000 0.000000 0.000000 0.000000 0.000000 0.000000 0.000000 0.000000 0.000000 0.000000 0.000000 0.000000 0.000000 0.000000 0.000000 0.000000 0.000000 0.000000 0.000000 0.000000 0.000000 0.000000 0.000000 0.000000 0.000000 0.000000 0.000000 0.000000 0.000000 0.000000 0.000000 0.000000 0.000000 0.000000 0.000000 0.000000 0.000000 0.000000 0.000000 0.000000 0.000000 0.000000 0.000000 0.000000 0.000000 0.000000 0.000000 0.000000 0.000000 0.000000 0.000000 0.000000 0.000000 0.000000 0.000000 0.000000 0.000000 0.000000 0.000000 0.000000 0.000000 0.000000 0.000000 0.000000 0.000000 0.000000 0.000000 0.000000 0.000000 0.000000 0.000000 0.000000 0.000000 0.000000 0.000000 0.000000 0.000000 0.000000 0.000000 0.000000 0.000000 0.000000 0.000000 0.000000 0.000000 0.000000 0.000000 0.000000 0.000000 0.000000 0.000000 0.000000 0.000000 0.000000 0.000000 0.000000 0.000000 0.000000 0.000000 0.000000 0.000000 0.000000 0.000000 0.000000 0.000000 0.000000 0.000000 0.000000 0.000000 0.000000 0.000000 0.000000 0.000000 0.000000 0.000000 0.000000 0.000000 0.000000 0.000000 0.000000 0.000000 0.000000 0.000000 0.000000 0.000000 0.000000 0.000000 0.000000 0.000000 0.000000 0.000000 0.000000 0.000000 0.000000 0.000000 0.000000 0.000000 0.000000 0.000000 0.000000 
486292551733.000000 597886527632.000000 620315709444.000000 643438734650.000000 179769313486231570814527423731704356798070567525844996598917476803157260780028538760589558632766878171540458953514382464234321326889464182768467546703537516986049910576551282076245490090389328944075868508455133942304583236903222948165808559332123348274797826204144723168738177180919299881250404026184124858368.000000 
0.537667 -0.303108 -1.035985 -2.193494 0.173247 -0.301207 0.235993 -0.630515 
1.833885 0.023046 1.877865 -0.333407 -0.505543 -0.698654 -0.835173 0.609625 
-2.258847 0.051290 0.940704 0.713543 -1.193306 0.832771 -1.275955 0.782335 
0.862173 0.826063 0.787346 0.317408 0.646971 -0.694605 0.617035 2.436584 
0.318765 1.526977 -0.875874 0.413610 -0.353623 -0.461883 0.612702 0.302407 
-1.307688 0.466914 0.319949 -0.577086 0.046435 0.883617 0.289381 0.058320 
-0.433592 -0.209713 -0.558294 0.144002 -0.792948 0.435944 0.395316 -0.574134 
0.342624 0.625190 -0.311429 -1.638666 -1.550514 0.896747 -0.870563 -0.195212 
3.578397 0.183227 -0.570010 -0.760090 0.171586 0.504732 -0.497688 -0.050531 
2.769437 -1.029768 -1.025734 -0.818793 -0.062139 -0.400897 -0.106672 -1.755775 
-1.349887 0.949222 -0.908746 0.519729 1.199028 -0.513848 -0.687829 -0.257358 
3.034923 0.307062 -0.209897 -0.014160 0.801704 0.796368 0.331881 0.749542 
0.725404 0.135175 -1.698864 -1.155529 1.053305 -0.671190 2.365225 -0.570764 
-0.063055 0.515246 0.607601 -0.009525 -0.748877 1.186659 -0.482231 0.494233 
0.714743 0.261406 -0.117798 -0.689811 -0.936326 0.790702 0.647448 0.991440 
-0.204966 -0.941486 0.699160 -0.666699 -1.269087 0.287721 -1.034425 1.077140 
-0.124144 -0.162338 0.269649 0.864149 0.497981 0.003226 1.339555 0.776842 
1.489698 -0.146055 0.494287 0.113419 2.789081 0.365617 -0.969140 -2.259840 
1.409034 -0.532011 -1.483121 0.398363 0.727572 3.526678 0.208716 -0.564377 
1.417192 1.682104 -1.020264 0.883970 -0.773064 -0.112437 -0.618593 0.901491 
0.671497 -0.875729 -0.446995 0.180258 0.836634 -1.556594 0.512016 0.394676 
-1.207487 -0.483815 0.109659 0.550855 -1.128330 1.915102 0.011354 0.004854 
0.717239 -0.712005 1.128736 0.682964 -1.424470 0.609846 -0.043989 0.436919 
1.630235 -1.174212 -0.289963 1.170609 0.717442 -0.647912 2.949093 1.130073 
0.488894 -0.192240 1.261551 0.475861 -0.777906 2.617335 -0.630046 0.153771 
1.034693 -0.274070 0.475425 1.412233 0.315986 0.550950 -0.046879 -0.758627 
0.726885 1.530073 1.174117 0.022608 1.406535 0.294204 2.683026 -0.180163 
-0.303441 -0.249025 0.126947 -0.047869 0.401125 -0.777844 -1.146691 -0.207790 
0.293871 -1.064213 -0.656816 1.701335 0.929660 -1.064930 0.552999 0.896745 
-0.787283 1.603457 -1.481399 -0.509712 -1.605802 -1.768414 -1.076458 0.412308 
0.888396 1.234679 0.155489 -0.002855 0.661536 -0.422920 1.030640 0.547520 
-1.147070 -0.229626 0.818551 0.919867 2.138502 -1.053102 0.327530 0.147835 
-1.068870 -1.506160 -0.292588 0.149809 0.541139 0.647755 0.652125 -0.362267 
-0.809499 -0.444628 -0.540786 1.404933 -1.540877 -0.317628 -0.278861 0.061141 
-2.944284 -0.155941 -0.308642 1.034122 -0.203143 1.768992 0.245192 0.216706 
1.438380 0.276068 -1.096593 0.291570 -0.499965 1.510582 1.472513 -1.398122 
0.325191 -0.261164 -0.493010 -0.777699 0.383024 0.164010 -2.275102 0.178870 
-0.754928 0.443422 -0.180739 0.566696 0.412035 -0.282764 -1.633291 0.927584 
1.370299 0.391894 0.045841 -1.382621 0.405493 1.152166 0.415469 -0.110178 
-1.711516 -1.250679 -0.063783 0.244475 -0.363781 -1.146508 -0.654769 1.572398 
-0.102242 -0.947961 0.611335 0.808439 -0.599272 0.673699 -0.296348 0.560491 
-0.241447 -0.741106 0.109318 0.213042 -0.589589 -0.669113 -1.496919 -0.420345 
0.319207 -0.507818 1.814015 0.879677 0.853541 -0.400323 -0.904834 -0.153945 
0.312859 -0.320576 0.312024 2.038876 -1.853008 -0.671802 -0.404182 -0.275199 
-0.864880 0.012469 1.804494 0.923932 -0.207303 0.575629 -0.725798 0.241120 
-0.030051 -3.029177 -0.723121 0.266917 0.270378 -0.778094 -0.866485 0.754686 
-0.164879 -0.457015 0.526547 0.641662 -0.652771 -1.063561 -0.421847 -0.291910 
0.627707 1.242448 -0.260251 0.425485 0.477227 0.552978 -0.942666 0.458445 
1.093266 -1.066701 0.600143 -1.314724 -0.071320 -0.423429 1.341884 1.755289 
1.109273 0.933728 0.593931 -0.416411 -0.938301 0.361587 -0.988435 0.931491 
-0.863653 0.350321 -2.186022 1.224688 0.161364 -0.351889 1.817943 0.825264 
0.077359 -0.029006 -1.327043 -0.043584 -0.268183 0.269541 -0.374437 -0.814807 
-1.214117 0.182452 -1.441014 0.582423 -0.409873 -2.564449 -1.451741 -0.534204 
-1.113501 -1.565056 0.401844 -1.006500 -0.711323 0.465864 -0.618682 0.242552 
-0.006849 -0.084539 1.470201 0.064517 0.061445 1.853561 0.934501 -0.100648 
1.532630 1.603946 -0.326814 0.600292 -1.846129 1.039289 1.055929 -1.625048 
-0.769666 0.098348 0.812323 -1.361515 -0.398333 0.910897 0.160227 -1.514423 
0.371379 0.041374 0.545540 0.347593 -0.543548 -0.239731 0.287400 1.026189 
-0.225584 -0.734169 -1.051632 -0.181843 -0.911899 0.180998 0.632906 -0.758127 
1.117356 -0.030814 0.397467 -0.939535 0.652699 0.244250 -1.459042 2.078345 
-1.089064 0.232347 -0.751895 -0.037533 -0.734271 0.096393 -0.581710 -2.221987 
0.032557 0.426388 1.516267 -1.896304 0.540633 -0.830468 -1.830149 0.448764 
0.552527 -0.372809 -0.032567 -2.127977 0.975841 -0.352252 -0.449103 0.000626 
1.100610 -0.236455 1.636000 -1.176923 -0.156870 -0.174775 0.949275 -0.756239 
1.544212 2.023691 -0.425058 -0.990532 0.277799 -0.480653 0.717441 0.404325 
0.085931 -2.258354 0.589433 -1.173032 0.639517 0.836837 2.287829 -0.793853 
-1.491590 2.229446 -0.062791 -1.725428 -0.080978 2.538349 0.166728 0.859783 
-0.742302 0.337564 -2.021959 0.288228 0.540870 -1.323334 -2.156491 0.066869 
-1.061582 1.000061 -0.982132 -1.594184 -1.262565 0.128340 1.689399 -1.639387 
2.350457 -1.664164 0.612511 0.110219 1.110424 -1.442379 1.282281 -2.424750 
-0.615602 -0.590035 -0.054886 0.787067 -0.989563 1.302508 -0.582631 -0.283830 
0.748077 -0.278064 -1.118732 -0.002227 -1.828836 1.409912 0.222614 1.145806 
-0.192419 0.422716 -0.626379 0.093109 1.384499 -1.662543 0.779451 0.181169 
0.888610 -1.670201 0.249518 -0.378157 -0.062727 1.943684 0.384707 0.054250 
-0.764849 0.471634 -0.993019 -1.482676 0.448921 -1.084698 0.696367 0.687754 
-1.402269 -1.212847 0.974950 -0.043819 -0.363258 0.226819 -0.112716 -1.393407 
-1.422376 0.066190 -0.640710 0.960825 -1.020583 1.098929 -0.038824 1.425366 
0.488194 0.652356 1.808863 1.738245 -3.072989 0.147189 0.088089 -0.893851 
-0.177375 0.327060 -1.079866 -0.430206 0.626279 2.295666 -0.789656 0.037765 
-0.196053 1.082634 0.199189 -1.627323 -0.286685 2.752558 1.422961 -0.363569 
1.419310 1.006077 -1.521027 0.166347 -0.197343 0.138318 0.006332 0.149556 
0.291584 -0.650908 -0.723631 0.376266 0.405605 -1.907066 0.686481 -1.944518 
0.197811 0.257056 -0.593250 -0.226950 -1.419348 -0.364993 -0.854934 1.523895 
1.587699 -0.944378 0.401336 -1.148912 -0.729445 -0.848110 -1.075235 0.545810 
-0.804466 -1.321789 0.942133 2.024333 1.147328 -0.764753 -0.090967 2.009927 
0.696624 0.924826 0.300486 -2.359524 0.597865 -1.127695 -0.252772 1.416671 
0.835088 0.000050 -0.373071 -0.509972 -1.281281 0.078189 1.194824 0.011481 
-0.243715 -0.054919 0.815489 -1.321626 -2.203264 2.106630 0.606064 -0.939049 
0.215670 0.911127 0.798887 -0.636128 -0.571246 -0.715847 0.540514 -1.738908 
-1.165844 0.594584 0.120205 0.317851 0.213996 -0.280516 -1.444939 0.016971 
-1.147953 0.350201 0.571248 0.138048 0.942377 1.166475 -0.967694 0.219159 
0.104875 1.250251 0.412796 -0.710735 0.093725 1.212821 0.202051 1.045821 
0.722254 0.929789 -0.986962 0.777004 -1.122312 0.485541 -0.347878 -0.950983 
2.585491 0.239763 0.759568 0.622394 0.306158 1.026016 1.290088 0.794797 
-0.666891 -0.690361 -0.657201 0.647381 -1.172335 0.870726 1.341154 0.071430 
0.187331 -0.651554 -0.603918 -0.425632 -0.960967 -0.381758 -0.580798 -0.773687 
-0.082494 1.192102 0.176947 1.048581 -0.653735 0.428893 0.875136 0.774162 
-1.933023 -1.611830 -0.307503 0.660707 -1.229394 -0.299131 1.395450 0.265655 
-0.438966 -0.024462 -0.131820 2.508772 -0.270965 -0.899869 0.320985 -0.235106 
-1.794679 -1.948847 0.595358 1.063460 -0.899950 0.634745 1.623382 1.877292 
0.840376 1.020498 1.046833 1.156922 -0.285686 0.067454 1.062433 0.609239 
-0.888032 0.861716 -0.197959 0.052979 -0.462422 -0.187121 0.214105 -0.110274 
0.100093 0.001162 0.327678 -1.288386 -0.409785 0.291727 0.876803 0.277457 
-0.544529 -0.070837 -0.238302 -0.371221 -0.503539 0.987695 0.194407 0.087046 
0.303521 -2.486284 0.229597 -0.757792 1.233297 0.392935 -0.414892 0.173593 
-0.600327 0.581172 0.439998 -0.563969 0.610305 0.194551 0.358459 0.453591 
0.489965 -2.192435 -0.616866 0.555139 0.059072 0.279785 0.036223 -0.603518 
0.739363 -2.319280 0.274837 -0.556778 -1.466947 0.051220 -0.364631 -0.797024 
1.711888 0.079934 0.601102 -0.895113 -1.625803 -0.774466 1.771020 0.360649 
-0.194124 -0.948481 0.092308 -0.409328 -1.964752 0.786782 0.221273 1.885092 
-2.138355 0.411491 1.729841 -0.160887 2.605196 1.408907 2.730378 -0.306822 
-0.839589 0.676978 -0.608557 0.409334 0.972375 -0.534099 -0.296165 -1.012724 
1.354594 0.857733 -0.737060 -0.952636 0.256981 1.927758 0.564296 -0.238546 
-1.072155 -0.691159 -1.749879 0.317317 -0.974240 -0.176248 1.582621 -0.484015 
0.960954 0.449378 0.910483 0.078020 -1.146364 -0.243750 2.729230 -0.327345 
0.124050 0.100633 0.867083 1.324385 0.547640 -0.897601 0.303564 0.475518 
1.436697 0.826070 -0.079893 -0.213170 1.565084 -0.792337 -0.790258 -0.130005 
-1.960900 0.536157 0.898476 -0.134479 -1.693344 -0.952975 0.803380 -0.594353 
-0.197698 0.897888 0.183703 -1.171356 -0.449397 0.353905 -1.319903 -0.443767 
-1.207845 -0.131938 0.290790 -1.385263 -0.084292 1.597026 -0.273846 -1.322530 
2.908008 -0.147201 0.112945 0.310508 -1.991997 0.527470 0.271867 -0.859521 
0.825219 1.007773 0.439952 -0.249489 0.841246 0.854202 1.489554 -1.413001 
1.378972 -2.123655 0.101662 0.503744 -0.414659 1.341847 1.437142 -0.515986 
-1.058180 -0.504586 2.787335 -0.892661 1.912181 -2.499533 -0.027561 -1.085098 
-0.468616 -1.270594 -1.166665 1.908512 -0.390899 -0.167559 0.923931 -0.707159 
-0.272469 -0.382585 -1.854299 0.122231 0.409182 0.353015 -0.321280 -0.301655 
1.098425 0.648679 -1.140681 1.047033 -1.142428 0.717254 0.661125 -1.200441 
-0.277872 0.825727 -1.093343 -0.226920 -0.624864 -1.304852 1.915294 -0.019362 
0.701541 -1.014944 -0.433609 -0.162502 -1.168723 -1.005869 0.156760 0.340371 
-2.051816 -0.471070 -0.168470 0.690052 0.392575 0.790683 -0.300536 -0.963231 
-0.353850 0.137025 -0.218534 0.555757 1.301840 -0.116571 -0.500035 1.113923 
-0.823587 -0.291863 0.541334 -1.120255 -0.593642 0.553090 0.716471 -1.586105 
-1.577057 0.301819 0.389266 -1.532693 0.436375 -0.960645 1.337289 -0.391795 
0.507975 0.399931 0.751229 -1.097868 -0.504362 -1.633802 2.125680 -1.484686 
0.281984 -0.929962 1.778256 -1.415773 0.102108 0.761200 0.054046 -0.344627 
0.033480 -0.176830 1.223063 0.059571 1.196251 1.193307 0.163036 -1.323916 
-1.333678 -2.132095 -1.283256 -0.411251 0.120283 1.632057 -0.632707 -0.574835 
1.127492 1.145362 -2.328955 -0.368011 -1.036843 -1.532190 1.611991 -0.740707 
0.350179 -0.629091 0.901931 -1.360963 -0.857103 -1.336852 -0.075449 -1.185002 
-0.299066 -1.203850 -1.835639 0.779567 -0.169874 -1.473846 -0.473237 -2.064860 
0.022890 -0.253945 0.066757 0.439411 -0.191668 -0.041663 2.184241 0.565060 
-0.261995 -1.428647 0.035479 -0.089622 -0.865815 -0.615507 0.809881 2.000142 
-1.750212 -0.020858 2.227168 1.021180 0.180664 1.314155 0.716343 2.223328 
-0.285651 -0.560665 -0.069214 -0.873979 1.266528 -1.455067 -1.005571 -0.492178 
-0.831367 2.177779 -0.507323 0.414700 -0.251169 -1.742349 0.433987 -0.046003 
-0.979206 1.138465 0.235810 0.348441 -0.204570 0.205305 0.520144 -0.465747 
-1.156402 -2.496887 0.245805 0.349254 -2.201522 1.192930 -1.092245 0.075947 
-0.533557 0.441327 0.070045 -0.729247 -0.774513 -0.802823 -0.225794 -0.918770 
-2.002636 -1.398138 -0.608581 0.326840 -1.393273 -1.265636 -0.404922 -1.919467 
0.964229 -0.255055 -1.222593 -0.514882 -0.386235 -0.149331 0.527859 -0.036443 
0.520060 0.164404 0.316500 -0.896446 0.525586 -1.636447 -1.006963 -1.225126 
-0.020028 0.747734 -1.342869 -1.203268 1.523269 0.017344 1.089027 -1.902434 
-0.034771 -0.273047 -1.032184 1.037816 1.798494 0.828387 1.784875 2.374249 
-0.798164 1.576300 1.331216 -0.845944 -0.116884 0.217738 -0.303755 -0.233346 
1.018685 -0.480937 -0.418903 -0.172914 -0.320196 -1.909245 -0.008697 0.403881 
-0.133217 0.327512 -0.140322 -1.208652 0.817516 -0.536822 0.506635 1.192469 
-0.714530 0.664734 0.899822 -0.297127 0.490159 -0.302032 1.203252 -1.684759 
1.351386 0.085189 -0.300111 -3.232038 0.765251 1.813582 0.522018 0.413149 
-0.224771 0.880953 1.029366 -1.086959 0.778279 0.914852 0.397046 0.501745 
-0.589029 0.323213 -0.345066 -1.426436 -1.480305 -0.057081 -0.482811 0.083064 
-0.293754 -0.784146 1.012802 -1.014451 0.540364 1.309362 -0.231497 0.157798 
-0.847926 -1.805373 0.629335 -0.213267 -0.091539 -1.044736 0.613385 -0.527943 
-1.120128 1.858593 -0.213015 -0.325348 -0.760252 -0.348267 1.682851 0.723061 
2.526000 -0.604530 -0.865697 1.944398 -0.693595 1.412561 0.568394 -0.849942 
1.655498 0.103360 -1.043108 -0.571773 1.281458 1.502383 -1.206029 -0.796384 
0.307535 0.563167 -0.270069 -0.250032 -0.809738 0.730376 0.433060 0.725338 
-1.257118 0.113597 -0.438141 -1.569315 -1.236818 0.490752 -0.092121 1.686544 
-0.865468 -0.904726 -0.408674 -0.477383 0.214686 -0.586126 -0.244055 -0.386394 
-0.176534 -0.467715 0.983545 -1.337977 2.010772 0.744900 -0.219189 -0.505078 
0.791416 -0.124890 -0.297697 0.030299 0.025554 -0.828155 -0.879767 0.408074 
-1.332004 1.478958 1.143679 0.853087 0.308299 0.574521 -0.320804 1.072356 
-2.329867 -0.860816 -0.531620 0.404253 -0.938247 0.281841 -0.784415 0.967983 
-1.449097 0.784668 0.972566 -0.700620 1.674216 1.139306 -0.364963 0.270146 
0.333511 0.308623 -0.522250 -1.630543 0.124988 -0.425868 0.117271 -0.634407 
0.391354 -0.233860 0.176578 1.460013 0.530101 0.636140 0.174340 0.629763 
0.451679 -1.056973 0.970738 2.050043 -0.952068 0.793178 -0.215656 -0.079234 
-0.130285 -0.284141 -0.413972 0.120501 0.854043 -0.898377 -0.152611 1.376949 
0.183689 -0.086690 -0.438271 -0.989902 0.389146 0.156245 0.033688 -1.408212 
-0.476153 -1.469395 2.003391 1.197771 -1.156001 1.597254 0.458282 0.141232 
0.862022 0.192182 0.950993 -0.592656 0.039740 0.112440 1.281631 1.289719 
-1.361694 -0.822293 -0.432004 -0.469809 -0.450599 -0.308625 0.620090 -0.494936 
0.455030 -0.094241 0.648941 0.886377 0.109248 0.456660 -0.286674 -0.624825 
-0.848709 0.336213 -0.360076 -1.385220 -0.250553 -0.275101 0.598016 -0.933634 
-0.334887 -0.904654 0.705885 -1.956754 -0.189902 0.443144 -0.245533 -0.278725 
0.552783 -0.288256 1.415849 0.420684 -1.032914 -0.134765 -1.780737 -0.200525 
1.039091 0.350063 -1.604516 0.400738 -0.323292 -0.018328 -2.347239 0.136741 
-1.117639 -1.835859 1.028853 0.095142 0.766527 0.460789 -1.713595 -0.883349 
1.260659 1.035976 1.457968 0.496684 1.744673 1.362315 -0.237127 0.082538 
0.660143 2.424461 0.047471 1.082241 -1.160520 0.451875 -0.619626 -0.603875 
-0.067866 0.959401 1.746257 0.970448 2.377412 1.648384 -0.720160 -0.368728 
-0.195221 -0.315772 0.155388 -0.568570 1.526078 -2.028362 0.040657 -0.838170 
-0.217606 0.428623 -1.237120 0.809972 0.168508 -0.449257 -0.658981 -0.282475 
