1 422 12 994185 1000
11.348947 9.091747 7.727955 6.769125 6.236442 5.957052 5.519028 5.161104 5.103313 4.877724 4.690827 4.810495 4.814089 4.461314 4.190529 4.072681 3.935566 3.899311 3.858137 3.597343 3.449243 3.378840 3.286637 3.334006 3.435867 3.236899 3.062723 2.973638 2.826036 2.756768 2.725541 2.682431 2.602314 2.578828 2.542411 2.514461 2.494395 2.474982 2.359236 2.303517 2.227877 2.182166 2.132640 2.100216 2.054231 2.012779 2.025763 2.028902 2.042223 2.102272 2.054910 1.956469 1.879537 1.852925 1.827126 1.789666 1.745442 1.694447 1.676058 1.645948 24.987592 9.785072 5.763519 4.024758 3.158952 2.781405 2.395127 2.111953 2.053986 1.898243 1.782368 1.896493 2.072928 1.753063 1.498221 1.437610 1.367426 1.315886 1.319743 1.134497 1.037200 0.992388 0.929433 0.974638 1.135072 0.977094 0.844342 0.805754 0.698162 0.646684 0.629480 0.618815 0.574671 0.580120 0.559492 0.545715 0.534395 0.539913 0.476667 0.449272 0.410275 0.391457 0.368743 0.351209 0.328618 0.315909 0.322451 0.330286 0.350587 0.424128 0.423612 0.326622 0.285653 0.280186 0.279463 0.255851 0.234270 0.212417 0.198195 0.184792 0.182950 0.152835 0.134518 0.122575 0.108927 0.098611 0.096511 0.097167 0.095781 0.095861 0.097374 0.093726 0.091423 0.095985 0.096845 0.097140 0.096797 0.094810 0.092321 0.095760 0.094751 0.093435 0.093828 0.090430 0.086560 0.088051 0.087274 0.086434 0.087390 0.085710 0.085175 0.085084 0.084843 0.083563 0.083845 0.081461 0.081637 0.079036 0.081084 0.079556 0.079247 0.078308 0.076870 0.074872 0.076643 0.075782 0.073592 0.073866 0.073223 0.071115 0.072092 0.071110 0.071762 0.071976 0.070133 0.068193 0.069388 0.069887 0.068670 0.068299 1.707777 1.712641 1.718613 1.717225 1.716019 1.716009 1.715593 1.715207 1.715588 1.716014 1.715948 1.716166 1.714921 1.715853 1.716216 1.716182 1.715746 1.715956 1.716311 1.715203 1.716388 1.715476 1.716153 1.716327 1.715332 1.715416 1.715242 1.715768 1.715423 1.715122 1.714917 1.715752 1.715581 1.714828 1.715181 1.715097 1.715611 1.714653 1.714521 1.715200 1.714341 1.714462 1.715061 1.714519 1.714414 1.714237 1.715054 1.714023 1.712972 1.713964 1.713818 1.713980 1.713814 1.714145 1.713803 1.714182 1.714236 1.713296 1.713609 1.713764 10.732266 8.795493 7.538473 6.627062 6.125739 5.863558 5.433411 5.079028 5.025491 4.802261 4.615788 4.738626 4.746945 4.391901 4.122385 4.006186 3.871772 3.838781 3.800947 3.540072 3.395170 3.326480 3.235568 3.285540 3.393887 3.193228 3.019929 2.932454 2.786014 2.718099 2.688283 2.645930 2.566289 2.544002 2.508206 2.481112 2.462073 2.444363 2.328300 2.273799 2.199342 2.154835 2.106803 2.075229 2.029363 1.988498 2.002426 2.005883 2.020152 2.082765 2.034800 1.936326 1.859056 1.832921 1.808092 1.771441 1.727582 1.676615 1.658796 1.629155 7.491077 6.510971 5.709222 5.069450 4.724255 4.543107 4.208184 3.933991 3.899814 3.722428 3.573464 3.673909 3.663499 3.388540 3.186302 3.096052 2.991269 2.972734 2.942835 2.742001 2.630730 2.580615 2.515235 2.555525 2.635177 2.480328 2.350609 2.284488 2.176158 2.127953 2.105871 2.073754 2.013545 1.995132 1.968685 1.949694 1.936063 1.919920 1.831267 1.790877 1.732677 1.699767 1.663406 1.641079 1.606941 1.575373 1.586475 1.589763 1.601322 1.648193 1.607424 1.534766 1.477367 1.457949 1.437767 1.410751 1.378302 1.339628 1.327777 1.305207 16.110720 12.142808 10.069293 8.715142 7.942425 7.534551 6.979717 6.530219 6.442264 6.165471 5.938895 6.071978 6.082405 5.654814 5.312708 5.164694 4.991628 4.932249 4.874882 4.553600 4.364016 4.270303 4.149754 4.199761 4.315188 4.073068 3.853471 3.738405 3.550169 3.457268 3.415088 3.359286 3.258758 3.228167 3.180998 3.142363 3.114807 3.089408 2.946923 2.873754 2.779104 2.718870 2.654165 2.609960 2.551797 2.499522 2.513220 2.515374 2.529134 2.599221 2.545317 2.421257 2.325096 2.290372 2.257354 2.208618 2.152176 2.088481 2.062680 2.024553 2537.651164 0.000000 
0.537667 0.045841 -1.020583 2.729230 0.417806 -0.094921 1.804480 -0.521530 1.701335 -0.713926 -0.226838 1.160444 
1.833885 -0.063783 -3.072989 0.303564 0.819880 1.383214 -0.632060 0.127100 -0.030569 1.584640 -0.871581 0.018513 
-2.258847 0.611335 0.626279 -0.790258 -0.854353 1.303681 1.316458 2.113018 0.203918 -0.888311 1.125760 0.403892 
0.862173 0.109318 -0.286685 0.803380 0.357319 -0.125812 1.551592 0.541281 -1.047810 2.140830 0.991619 0.979507 
0.318765 1.814015 -0.197343 -1.319903 2.748467 -0.596874 -1.468908 -0.655085 -0.735370 -0.692178 0.686437 -0.327736 
-1.307688 0.312024 0.405605 -0.273846 -1.512977 -1.520646 0.176938 -0.869529 -1.356563 0.099297 0.531254 0.545407 
-0.433592 1.804494 -1.419348 0.271867 0.433979 0.671842 3.466260 -0.238898 0.728586 1.434978 0.726437 0.687199 
0.342624 -0.723121 -0.729445 1.489554 -0.229768 0.022844 -0.214627 -1.575987 0.607187 1.233401 0.694254 0.371951 
3.578397 0.526547 1.147328 1.437142 -0.827086 -1.177789 0.486283 1.825751 -0.828285 -0.757645 0.394101 -1.420532 
2.769437 -0.260251 0.597865 -0.027561 -0.831983 -0.334578 0.330885 0.204267 2.887644 0.738578 0.631624 -0.335666 
-1.349887 0.600143 -1.281281 0.923931 0.497900 -1.829455 1.267902 -1.163396 0.919135 -1.114361 -0.709103 -1.976243 
3.034923 0.593931 -2.203264 -0.321280 2.315626 0.429990 1.090514 0.120610 0.405789 -1.705869 0.029347 -0.383011 
0.725404 -2.186022 -0.571246 0.661125 -0.793826 -0.173993 -0.946451 -1.443518 1.916184 0.661162 0.550377 -0.789858 
-0.063055 -1.327043 0.213996 1.915294 0.540960 1.631242 -0.438499 0.582346 -2.455688 -1.729642 -0.725483 -0.096040 
0.714743 -1.441014 0.942377 0.156760 -0.559061 -1.359428 0.343221 -0.181465 -0.091063 -2.138074 0.000764 0.377407 
-0.204966 0.401844 0.093725 -0.300536 1.976566 0.970507 -0.058403 0.042010 -0.024680 -0.060048 -0.187511 0.830015 
-0.124144 1.470201 -1.122312 -0.500035 0.544660 0.143640 2.534975 0.361842 0.199936 1.385691 1.241424 -0.143167 
1.489698 -0.326814 0.306158 0.716471 -0.137906 0.082604 0.438645 0.853715 -1.038315 1.217816 0.472488 0.040143 
1.409034 0.812323 -1.172335 1.337289 0.619876 0.716664 0.437518 -0.809772 0.529367 -1.495051 1.094472 1.013283 
1.417192 0.545540 -0.960967 2.125680 -0.005583 1.193484 -0.837676 -1.467051 -2.217119 0.037283 0.622670 1.296713 
0.671497 -1.051632 -0.653735 0.054046 1.107199 -1.071062 -1.307503 -0.103896 0.107416 0.802871 1.009234 0.217592 
-1.207487 0.397467 -1.229394 0.163036 -0.185590 1.318902 0.794143 -0.822913 0.438909 0.973854 -0.094497 0.861256 
0.717239 -0.751895 -0.270965 -0.632707 -1.121418 -1.210003 -0.197264 0.424981 -0.040993 1.560734 0.115153 -0.729901 
1.630235 1.516267 -0.899950 1.611991 0.246450 -1.074115 0.649153 -1.854684 0.364309 1.586250 -0.628157 1.585622 
0.488894 -0.032567 -0.285686 -0.075449 1.561037 -0.672560 -0.831474 0.858575 -0.763698 0.856298 0.387572 -0.662773 
1.034693 1.636000 -0.462422 -0.473237 -1.196622 0.736462 0.895954 0.306394 0.549524 -1.424483 3.074273 -0.767534 
0.726885 -0.425058 -0.409785 2.184241 -0.242345 -1.069961 -1.813486 -1.111562 -0.374638 0.039702 0.097586 0.538124 
-0.303441 0.589433 -0.503539 0.809881 1.004828 0.334715 1.566683 -0.317241 -1.659159 -1.379912 -0.045595 -0.065333 
0.293871 -0.062791 1.233297 0.716343 -1.920126 0.411883 0.846501 0.837863 -0.310229 1.233071 0.858256 -1.586491 
-0.787283 -2.021959 0.610305 -1.005571 0.625446 0.154120 0.110155 2.426465 -0.619943 1.742076 -1.563619 1.077468 
0.888396 -0.982132 0.059072 0.433987 0.752960 0.554571 -1.161102 -0.351089 -1.024591 -2.001495 1.128228 0.695205 
-1.147070 0.612511 -1.466947 0.520144 0.213484 -1.172846 -0.397536 1.381962 0.504999 0.835497 -0.847572 1.647625 
-1.068870 -0.054886 -1.625803 -1.092245 -0.770234 1.007587 0.254294 -0.860655 0.040473 -0.342818 0.567507 0.294840 
-0.809499 -1.118732 -1.964752 -0.225794 -0.007135 0.113520 1.207789 0.206890 -0.254730 -0.477962 0.276597 0.704983 
-2.944284 -0.626379 2.605196 -0.404922 0.093187 0.730051 -1.033542 -0.207497 -0.547736 -0.889101 -0.067025 -1.151450 
1.438380 0.249518 0.972375 0.527859 0.935251 -0.983512 1.295147 0.340257 1.676594 1.263429 -0.717278 1.859465 
0.325191 -0.993019 0.256981 -1.006963 0.663518 0.052032 2.768123 -0.498112 1.173003 0.383201 0.417312 2.371459 
-0.754928 0.974950 -0.974240 1.089027 -0.350233 0.877599 -0.495347 -1.421395 -0.189061 -0.118867 1.124560 -0.381320 
1.370299 -0.640710 -1.146364 1.784875 1.619877 1.014141 0.468766 -0.270774 0.086573 0.417247 0.682643 -0.694781 
-1.711516 1.808863 0.547640 -0.303755 -0.050833 -0.084348 -0.657297 0.439663 1.512560 1.013222 1.396092 1.000110 
-0.102242 -1.079866 1.565084 -0.008697 -0.812697 -1.853532 -1.716957 -0.506144 1.793271 -0.869517 -1.388589 -1.135279 
-0.241447 0.199189 -1.693344 0.506635 -0.438420 -1.096821 1.470519 -0.184348 1.102621 -0.794680 0.019262 0.153609 
0.319207 -1.521027 -0.449397 1.203252 0.858610 0.218628 0.694137 0.401999 -0.325847 0.688502 -1.350353 -0.134819 
0.312859 -0.723631 -0.084292 0.522018 0.195216 0.794246 -0.510697 0.539228 -0.582815 1.585673 0.114636 0.826630 
-0.864880 -0.593250 -1.991997 0.397046 0.888862 0.463124 0.113387 -0.733593 0.751587 1.250179 0.541632 -1.968846 
-0.030051 0.401336 0.841246 -0.482811 0.069222 -0.612630 -0.229807 -0.268372 -0.863734 -0.115604 -0.767666 0.123438 
-0.164879 0.942133 -0.414659 -0.231497 2.486821 2.244400 -1.461733 0.870598 -1.070876 -1.331770 1.282825 0.261917 
0.627707 0.300486 1.912181 0.613385 -1.665643 0.072348 -2.882336 0.330761 -0.355237 -2.342806 -0.474856 -1.771095 
1.093266 -0.373071 -0.390899 1.682851 -0.415928 0.865514 -0.047468 -1.347897 0.955880 -0.926563 0.623431 -0.158840 
1.109273 0.815489 0.409182 0.568394 -0.084225 -0.415696 -0.462466 1.547872 0.159282 1.129568 -0.347697 0.629176 
-0.863653 0.798887 -1.142428 -1.206029 0.089252 -1.114938 -0.576646 -0.616637 0.244942 -0.549128 -0.758324 -1.275770 
0.077359 0.120205 -0.624864 0.433060 1.456147 0.685252 -0.845968 -0.698571 1.124750 0.283732 -0.737165 -0.300040 
-1.214117 0.571248 -1.168723 -0.092121 0.219454 1.037673 -1.817236 -1.423595 0.234628 0.212779 -1.451036 0.196849 
-1.113501 0.412796 0.392575 -0.244055 -0.114877 1.822212 -0.521731 -0.109632 -1.138562 -2.202763 1.520754 -0.522584 
-0.006849 -0.986962 1.301840 -0.219189 0.068602 -0.528988 0.161436 -0.102712 0.842094 1.251073 -2.447237 1.573180 
1.532630 0.759568 -0.593642 -0.879767 0.751495 -1.627967 -1.061811 -0.322717 0.476342 2.024705 -1.290046 0.769435 
-0.769666 -0.657201 0.436375 -0.320804 -0.689427 1.617302 0.450494 -0.839587 -0.088390 -0.038897 -1.984574 -0.578758 
0.371379 -0.603918 -0.504362 -0.784415 0.450814 0.264137 -0.272798 -1.660551 -0.413036 0.998584 -1.342947 0.331623 
-0.225584 0.176947 0.102108 -0.364963 -1.565025 -1.127146 -0.101454 3.012487 -0.544583 -0.757334 -2.791839 1.128817 
1.117356 -0.307503 1.196251 0.117271 -0.078796 -0.559176 -1.429106 1.500840 -0.024007 0.596145 0.602186 0.248219 
-1.089064 -0.131820 0.120283 0.174340 -0.941792 -0.808845 -0.764409 -0.358992 -0.800514 2.123217 0.040443 0.556922 
0.032557 0.595358 -1.036843 -0.215656 -0.652862 1.161004 0.410138 -0.114879 -0.512190 1.311725 -1.030918 0.643141 
0.552527 1.046833 -0.857103 -0.152611 0.282529 0.592105 -0.789933 0.358901 -1.486675 -0.699942 -1.300976 0.739145 
1.100610 -0.197959 -0.169874 0.033688 -1.125079 0.242748 0.161637 -0.012137 -0.518642 -1.019613 -1.317979 -1.322745 
1.544212 0.327678 -0.191668 0.458282 -0.988974 0.240477 1.977904 -0.570360 -0.693229 0.053115 -0.278455 -0.676794 
0.085931 -0.238302 -0.865815 1.281631 -1.515859 -0.821500 0.795266 0.934035 0.577652 -0.237019 -2.022093 -0.352888 
-1.491590 0.229597 0.180664 0.620090 -2.228510 0.993112 1.037367 -1.138317 1.454967 -0.062736 0.406730 -1.597429 
-0.742302 0.439998 1.266528 -0.286674 -0.151522 0.346395 2.360330 1.957238 1.035485 1.271109 -0.089826 -1.401885 
-1.061582 -0.616866 -0.251169 0.598016 1.162744 -0.261134 1.175395 -1.763229 1.046823 0.221138 -0.342262 0.357646 
2.350457 0.274837 -0.204570 -0.245533 -0.181936 -0.184713 0.397740 -0.323334 0.676211 1.664023 0.652226 0.358910 
-0.615602 0.601102 -2.201522 -1.780737 -0.233954 -0.101735 1.951249 0.872592 0.546595 -0.042960 0.345745 0.924599 
0.748077 0.092308 -0.774513 -2.347239 -1.046734 -0.887043 -0.904656 0.117915 0.749989 -0.133235 -0.344686 0.365598 
-0.192419 1.729841 -1.393273 -1.713595 1.583319 0.741377 -0.682152 -1.503055 -0.729839 0.793200 0.030786 -0.766782 
0.888610 -0.608557 -0.386235 -0.237127 -0.249413 1.392208 2.018292 0.921835 0.833202 0.426273 -0.133348 -0.015724 
-0.764849 -0.737060 0.525586 -0.619626 1.294019 2.473900 0.454343 0.163245 -1.198550 -0.209902 -0.626037 -0.716512 
-1.402269 -1.749879 1.523269 -0.720160 0.361980 0.503919 -0.042104 -0.814671 0.618773 -1.588159 1.111440 0.867158 
-1.422376 0.910483 1.798494 0.040657 -0.263053 -0.822481 0.458167 0.403710 -0.832413 -1.116381 1.202166 -1.510950 
0.488194 0.867083 -0.116884 -0.658981 1.082144 0.200982 -0.264144 0.756157 -0.970495 0.616855 0.072382 0.859447 
-0.177375 -0.079893 -0.320196 -0.630515 0.982434 -1.007053 -0.291985 2.184440 -0.453511 0.543464 -1.026748 0.498097 
-0.196053 0.898476 0.817516 0.609625 -0.111444 -0.613172 -0.386798 -0.093783 -1.302708 -1.467896 -1.172970 0.773094 
1.419310 0.183703 0.490159 0.782335 1.295951 -0.658963 -0.553993 -0.294206 0.015975 0.119908 0.251004 -0.578618 
0.291584 0.290790 0.765251 2.436584 1.781295 -0.833229 -0.943728 -0.504806 1.110659 0.529355 -0.264622 0.197132 
0.197811 0.112945 0.778279 0.302407 -0.065615 0.378179 -0.059848 -1.926999 -0.249374 -1.175244 -0.813191 -0.041034 
1.587699 0.439952 -1.480305 0.058320 -0.255681 -1.115343 -0.574685 0.521381 0.495702 -0.998215 0.132017 -1.510849 
-0.804466 0.101662 0.540364 -0.574134 0.404638 0.667241 1.441855 -2.054411 0.162037 1.194042 -1.184652 0.484784 
0.696624 2.787335 -0.091539 -0.195212 0.351757 0.795333 0.235527 -0.269838 1.211821 -1.753697 0.340421 0.442595 
0.835088 -1.166665 -0.760252 -0.050531 0.807511 1.037492 1.021377 -0.275032 -0.158316 0.446529 -1.592093 -0.743105 
-0.243715 -1.854299 -0.693595 -1.755775 -0.255590 -0.020431 -0.139831 0.845145 0.292971 0.978060 -2.453763 1.240029 
0.215670 -1.140681 1.281458 -0.257358 0.715113 0.618953 -0.081551 -2.771181 2.467714 -1.791257 -0.208121 -1.765123 
-1.165844 -1.093343 -0.809738 0.749542 1.048597 1.803064 1.258247 0.918075 1.146234 -0.130189 -0.981930 -0.410994 
-1.147953 -0.433609 -1.236818 -0.570764 0.177549 0.052993 1.468534 -0.519254 -0.933843 -1.175237 1.531119 -0.390830 
0.104875 -0.168470 0.214686 0.494233 0.153298 -0.177890 0.032941 -1.293012 1.119792 0.089962 1.372670 -0.713717 
0.722254 -0.218534 2.010772 0.991440 -1.254324 1.772483 1.692478 -0.008718 -0.924227 -0.422166 -0.612118 -0.663945 
2.585491 0.541334 0.025554 1.077140 -1.172801 -2.508804 0.475729 0.233353 0.009907 -1.650934 -0.966737 0.483047 
-0.666891 0.389266 0.308299 0.776842 -1.461442 -0.456589 0.368530 -0.424196 0.289367 0.617969 -0.216395 -0.873795 
0.187331 0.751229 -0.938247 -2.259840 -1.244288 2.430378 2.192001 -1.469449 0.870003 0.596160 -0.316082 0.068880 
-0.082494 1.778256 1.674216 -0.564377 -0.155099 -0.471454 1.535685 1.206420 -0.397262 -0.618437 1.385317 -0.425122 
-1.933023 1.223063 0.124988 0.901491 -1.614914 -0.560328 0.907260 0.197342 0.537858 0.527875 -0.348295 -0.128362 
-0.438966 -1.283256 0.530101 0.394676 2.246065 -1.226467 0.402260 -0.706876 1.769737 -1.344318 1.205511 1.932349 
-1.794679 -2.328955 -0.952068 0.004854 0.739281 0.792950 -0.538382 1.216367 -1.905485 -1.234765 1.237243 -0.541858 
0.840376 0.901931 0.854043 0.436919 -2.067645 -2.109940 -0.115215 0.367170 -1.076748 -1.153440 2.519724 0.885521 
-0.888032 -1.835639 0.389146 1.130073 -1.154551 -0.799395 1.822000 -1.267516 1.194941 -0.109328 -0.379450 0.037869 
0.100093 0.066757 -1.156001 0.153771 -0.107192 0.566975 -2.021507 0.621050 -0.293948 -0.524195 -0.475269 0.031480 
-0.544529 0.035479 0.039740 -0.758627 -1.712879 -0.001443 -0.636977 -1.795455 -0.038178 1.911298 1.675725 -1.902610 
0.303521 2.227168 -0.450599 -0.180163 -0.459895 0.623925 -0.188803 -1.057839 0.923935 -0.071106 -0.738369 1.020773 
-0.600327 -0.069214 0.109248 -0.207790 1.091000 0.126441 0.148275 0.151544 2.223061 0.561835 -1.815503 0.154524 
0.489965 -0.507323 -0.250553 0.896745 -0.163880 0.680868 -1.783880 0.411264 -1.301895 0.574072 0.086728 -0.434016 
0.739363 0.235810 -0.189902 0.412308 -0.067240 -1.287416 0.529068 0.070498 -0.908991 0.371734 0.500258 0.037427 
1.711888 0.245805 -1.032914 0.547520 -1.001592 0.218085 0.729732 -1.933027 -0.077500 0.191694 -0.362981 -0.109008 
-0.194124 0.070045 -0.323292 0.147835 -0.555661 -1.566567 -0.940135 0.818722 0.000510 1.244085 -0.350692 1.832023 
-2.138355 -0.608581 0.766527 -0.362267 -1.351556 0.783282 -0.259287 1.261757 0.106855 -1.164160 -1.362910 -1.106846 
-0.839589 -1.222593 1.744673 0.061141 0.364211 -0.310570 -1.213545 1.167343 -0.312465 1.635270 1.722804 -0.561533 
1.354594 0.316500 -1.160520 0.216706 -0.452208 0.655324 1.624550 -0.570330 1.219647 0.686330 0.201372 0.262806 
-1.072155 -1.342869 2.377412 -1.398122 0.783366 -0.537467 0.373512 -0.393898 -0.909561 -1.149487 -0.547687 1.854164 
0.960954 -1.032184 1.526078 0.178870 1.237237 0.328643 -0.250892 -1.017434 0.203977 1.110157 0.401812 0.257336 
0.124050 1.331216 0.168508 0.927584 1.077198 1.054072 -0.925456 0.250206 0.989747 1.182564 0.834395 1.111137 
1.436697 -0.418903 -0.301207 -0.110178 -0.034841 -1.979699 0.098660 0.252125 0.375200 1.707328 -1.048297 0.752619 
-1.960900 -0.140322 -0.698654 1.572398 -0.503987 -1.867388 1.684280 -0.771479 -0.622126 -0.420315 0.225263 0.718946 
-0.197698 0.899822 0.832771 0.560491 -1.224019 -1.832356 0.275259 0.919545 0.120555 1.639378 -0.482370 1.287539 
-1.207845 -0.300111 -0.694605 -0.420345 0.118509 0.848592 0.353289 0.852158 -0.317396 0.263469 1.650715 2.291230 
2.908008 1.029366 -0.461883 -0.153945 0.959474 0.405187 -1.200376 0.657126 -0.599684 -1.463483 0.158926 0.147585 
0.825219 -0.345066 0.883617 -0.275199 -0.340930 -0.702456 0.166129 -0.753464 1.353154 -0.776171 -1.124685 -0.290020 
1.378972 1.012802 0.435944 0.241120 -0.173318 1.499046 0.776162 -1.338502 -0.197668 0.929488 -0.111063 0.187214 
-1.058180 0.629335 0.896747 0.754686 0.616301 0.137795 -1.381435 0.652225 -0.578002 1.792958 0.449051 -0.303182 
-0.468616 -0.213015 0.504732 -0.291910 0.863919 -1.586821 1.128279 1.447217 -0.755970 -1.183152 2.100583 -2.311344 
-0.272469 -0.865697 -0.400897 0.458445 -1.416914 -1.019146 2.465440 -1.290126 0.121199 -0.111176 0.039567 -0.115951 
1.098425 -1.043108 -0.513848 1.755289 0.199952 -1.385234 -1.557917 -2.208189 -1.495841 -0.656766 0.571573 0.167839 
-0.277872 -0.270069 0.796368 0.931491 0.195827 0.954886 -2.066648 1.436108 -1.646159 1.879734 1.200726 -0.366299 
0.701541 -0.438141 -0.671190 0.825264 -0.151132 -0.601120 -0.072599 -0.061672 0.192897 -0.896081 0.508772 -0.216874 
-2.051816 -0.408674 1.186659 -0.814807 0.892784 -1.171891 0.759111 1.177806 -1.289770 1.331506 -0.869762 1.236237 
-0.353850 0.983545 0.790702 -0.534204 -0.364190 -0.577110 -0.081664 0.985513 -0.399849 -0.624573 -0.161065 0.082520 
-0.823587 -0.297697 0.287721 0.242552 -0.826189 -0.836431 -0.158473 -1.218578 0.775403 0.776679 -0.657825 -0.029898 
-1.577057 1.143679 0.003226 -0.100648 0.276011 0.852970 0.006498 -0.431878 0.922150 -1.324254 0.706752 -0.661346 
0.507975 -0.531620 0.365617 -1.625048 0.459797 0.477331 -1.064608 -0.834941 1.544536 1.500277 1.540317 -0.557244 
0.281984 0.972566 3.526678 -1.514423 -0.217507 0.302320 -1.643915 0.179680 -1.009562 -2.202903 -0.021942 -0.100903 
0.033480 -0.522250 -0.112437 1.026189 0.796123 0.415776 1.581550 1.166302 0.856706 0.322515 1.054762 0.127927 
-1.333678 0.176578 -1.556594 -0.758127 -1.518023 0.042975 0.292614 0.055986 0.325287 0.421004 -0.696758 0.388609 
1.127492 0.970738 1.915102 2.078345 -1.074917 -0.948853 -1.187609 -2.100042 1.252439 -0.820701 0.159301 1.635242 
0.350179 -0.413972 0.609846 -2.221987 -3.072166 0.541608 1.075937 1.235297 0.220159 -0.966459 -0.176470 1.356565 
-0.299066 -0.438271 -0.647912 0.448764 0.521407 -0.821128 -1.297372 0.002672 0.815197 0.609348 1.630259 -1.197197 
0.022890 2.003391 2.617335 0.000626 -0.991024 -1.071905 -0.121770 -0.459537 1.139422 -1.036211 0.293964 1.756589 
-0.261995 0.950993 0.550950 -0.756239 -0.253126 -1.074092 0.740772 -2.103177 -0.411711 -0.028238 0.767713 -0.985499 
-1.750212 -0.432004 0.294204 0.404325 1.009265 0.869553 -0.840718 0.373922 -0.461065 -2.819767 -0.341187 2.571211 
-0.285651 0.648941 -0.777844 -0.793853 0.051012 0.981051 -0.349471 0.245181 -1.329049 -2.081050 -0.633403 0.199287 
-0.831367 -0.360076 -1.064930 0.859783 -0.440433 -1.758825 0.029632 0.338579 -0.087500 -0.044753 0.394703 -0.438728 
-0.979206 0.705885 -1.768414 0.066869 -0.848469 -0.148096 1.952373 -1.078065 0.355446 1.117955 -0.818439 -2.021303 
-1.156402 1.415849 -0.422920 -1.639387 -0.240371 0.251942 0.459024 -0.730162 -0.743139 -1.649504 -1.361730 -0.397981 
-0.533557 -1.604516 -1.053102 -2.424750 0.602929 -0.610385 -0.399312 -0.916327 0.072031 0.678667 -0.302117 1.542144 
-2.002636 1.028853 0.647755 -0.283830 -1.516254 0.760980 -0.225385 1.787553 -0.356403 0.494323 1.599174 -0.412660 
0.964229 1.457968 -0.317628 1.145806 -0.068349 0.254430 -0.280283 -0.820404 -0.431692 -0.588469 -0.392321 -0.450821 
0.520060 0.047471 1.768992 0.181169 0.782393 -0.152834 1.306725 -0.196711 0.779328 -0.023925 0.220828 -1.313010 
-0.020028 1.746257 1.510582 0.054250 -1.420726 -0.557411 -0.284375 -0.890144 0.816325 2.191313 -0.593722 -1.173921 
-0.034771 0.155388 0.164010 0.687754 0.669365 0.677018 -0.791710 0.910749 1.148304 -1.400581 -2.050393 -0.578686 
-0.798164 -1.237120 -0.282764 -1.393407 0.683237 0.849297 0.240619 -0.012265 -1.084960 0.480099 0.000427 0.360030 
1.018685 -2.193494 1.152166 1.425366 -0.882136 0.469307 -0.094646 0.072814 -0.136122 0.207551 1.693660 -2.062284 
-0.133217 -0.333407 -1.146508 -0.893851 -1.504509 -0.239782 0.793235 0.939416 0.655092 0.322085 -0.331528 0.667355 
-0.714530 0.713543 0.673699 0.037765 0.433139 0.920985 0.959440 0.675237 -1.293461 -0.005880 -1.150145 -0.481113 
1.351386 0.317408 -0.669113 -0.363569 0.808256 -0.906881 1.087103 0.785969 1.926740 0.281389 -0.990672 0.804328 
-0.224771 0.413610 -0.400323 0.149556 0.578938 0.144441 0.647169 -2.132741 0.233252 -0.251339 0.364190 -0.004346 
-0.589029 -0.577086 -0.671802 -1.944518 0.762849 1.396409 0.632550 0.219930 -0.545022 -1.693459 -0.420331 -0.442693 
-0.293754 0.144002 0.575629 1.523895 -1.182127 -0.189699 1.903276 0.966286 1.032812 -0.584016 0.983622 0.502764 
-0.847926 -1.638666 -0.778094 0.545810 0.583848 -0.843836 -1.160026 0.349994 0.377137 0.234443 -0.275765 0.505154 
-1.120128 -0.760090 -1.063561 2.009927 -0.580010 1.943438 -0.347309 0.901815 0.109255 0.258786 -2.085524 2.025121 
2.526000 -0.818793 0.552978 1.416671 -0.561367 -0.246922 -1.695065 2.121188 -0.680188 0.603656 -0.439471 -1.301203 
1.655498 0.519729 -0.423429 0.011481 -1.555896 0.441619 0.919386 1.248587 -1.765392 2.220965 0.711924 -0.702031 
0.307535 -0.014160 0.361587 -0.939049 1.100208 -0.803611 0.021531 -1.123186 -0.963568 -1.654131 1.026476 -1.223447 
-1.257118 -1.155529 -0.351889 -1.738908 0.175058 0.287609 -0.299340 -0.830085 -0.645633 0.680410 1.284935 -0.570124 
-0.865468 -0.009525 0.269541 0.016971 1.003611 0.467018 -1.721016 -0.121779 0.452528 0.135829 1.000720 -0.505394 
-0.176534 -0.689811 -2.564449 0.219159 1.511008 0.004562 0.183432 -0.642591 0.614498 -0.037987 1.073391 -0.441428 
0.791416 -0.666699 0.465864 1.045821 -1.137239 0.326090 -0.259732 -0.078950 -0.785301 -0.693137 1.894032 -0.468927 
-1.332004 0.864149 1.853561 -0.950983 0.643018 1.204587 -1.354789 1.228113 0.828176 -0.127525 1.534432 -0.510387 
-2.329867 0.113419 1.039289 0.794797 -0.012760 -1.404116 -1.157442 -0.531366 0.667417 0.680362 0.175589 -0.237132 
-1.449097 0.398363 0.910897 0.071430 0.914260 0.205564 -0.761986 -0.286105 -0.125501 0.426215 -0.476118 0.428235 
0.333511 0.883970 -0.239731 -0.773687 1.107695 -1.991196 -0.250300 -0.227606 -0.951229 -1.605669 -0.279749 1.113711 
0.391354 0.180258 0.180998 0.774162 0.820471 0.028409 -1.648763 0.674523 0.892040 0.906211 0.702630 -0.364959 
0.451679 0.550855 0.244250 0.265655 -0.817612 1.930515 -0.181991 1.036840 -0.129722 0.249514 1.208175 1.827429 
-0.130285 0.682964 0.096393 -0.235106 -0.126485 0.941137 0.615687 -0.149463 -1.013485 1.894228 -0.247559 0.872757 
0.183689 1.170609 -0.830468 1.877292 0.264143 -0.006924 -0.376674 -0.317081 0.252287 -1.112379 1.512670 1.219669 
-0.476153 0.475861 -0.352252 0.609239 3.158528 -0.338242 -0.698035 0.933595 0.523585 -0.722042 -0.724947 -0.980201 
0.862022 1.412233 -0.174775 -0.110274 1.226617 0.528266 0.304122 0.723284 -1.461630 -1.752187 -0.465331 -1.828187 
-1.361694 0.022608 -0.480653 0.277457 2.320635 1.056900 1.101080 0.488185 1.866406 0.003612 -0.386951 0.326944 
0.455030 -0.047869 0.836837 0.087046 0.414498 0.014741 -0.446608 3.266199 -2.149052 0.995144 -0.661950 0.344328 
-0.848709 1.701335 2.538349 0.173593 0.211832 1.614761 -0.466712 0.031701 -1.635237 -0.478969 0.869901 -1.700262 
-0.334887 -0.509712 -1.323334 0.453591 0.613167 -0.815855 -1.435821 0.341275 1.224019 -0.519101 -0.187086 -1.485874 
0.552783 -0.002855 0.128340 -0.603518 -0.527777 -1.997759 -0.977716 -0.083531 0.325174 -0.294660 1.851537 0.352062 
1.039091 0.919867 -1.442379 -0.797024 1.241601 -0.748191 0.605895 0.616421 -0.428913 -0.160550 -0.006129 1.036450 
-1.117639 0.149809 1.302508 0.360649 -0.157631 -0.199304 -0.113655 -0.524999 0.011596 1.023516 1.866280 1.356346 
1.260659 1.404933 1.409912 1.885092 -1.373602 -0.372760 0.764562 1.007707 0.731318 0.015895 -2.429968 -0.918263 
0.660143 1.034122 -1.662543 -0.306822 0.870838 -0.847371 0.669897 1.829102 -0.868023 -0.482657 0.361817 0.604622 
-0.067866 0.291570 1.943684 -1.012724 -1.568533 1.337238 0.375784 0.085288 0.928160 0.634675 0.283483 0.614244 
-0.195221 -0.777699 -1.084698 -0.238546 -1.844253 -1.616317 0.766653 -0.068325 0.697317 -1.364438 1.935189 -0.032075 
-0.217606 0.566696 0.226819 -0.484015 0.288410 -0.491818 1.523472 -0.563465 -0.045150 0.598625 0.261724 -1.051871 
-0.303108 -1.382621 1.098929 -0.327345 -0.950911 -0.969302 0.576824 -0.473574 0.191211 -0.206498 1.779162 -1.104477 
0.023046 0.244475 0.147189 0.475518 -0.910732 -0.474108 0.425973 -1.703535 -0.628763 2.139366 1.892736 0.740518 
0.051290 0.808439 2.295666 -0.130005 -0.161949 -0.666164 -0.042931 -0.053720 -0.856613 -0.648814 -0.620316 -1.682067 
0.826063 0.213042 2.752558 -0.594353 -0.488902 0.478375 -1.242263 -0.881344 -0.388713 0.423592 -1.190657 -0.294930 
1.526977 0.879677 0.138318 -0.443767 -0.222782 -1.041058 -0.504952 1.255891 1.028508 0.117865 0.858194 0.140475 
0.466914 2.038876 -1.907066 -1.322530 0.272066 -0.820659 0.325851 0.155842 -0.239720 -1.080778 -0.815077 1.092969 
-0.209713 0.923932 -0.364993 -0.859521 -1.168531 0.101130 -1.111423 0.054933 -0.451623 0.875527 -0.157153 -0.359150 
0.625190 0.266917 -0.848110 -1.413001 -1.224234 1.083983 0.468184 1.398552 -0.979267 -2.226282 -0.571229 -1.392487 
0.183227 0.641662 -0.764753 -0.515986 -2.099479 -1.854527 0.322613 -1.775648 -1.133447 -1.946111 0.100811 0.348040 
-1.029768 0.425485 -1.127695 -1.085098 -0.390243 1.799753 0.100021 0.329654 0.022121 -1.309595 0.596425 -0.719661 
0.949222 -1.314724 0.078189 -0.707159 0.664282 -0.878374 0.301435 -1.057903 1.040239 1.305623 0.712204 1.777480 
0.307062 -0.416411 2.106630 -0.301655 -0.702264 0.647733 0.023824 -0.643369 1.231484 0.983970 0.135641 -0.867942 
0.135175 1.224688 -0.715847 -1.200441 0.501328 1.049565 -0.022055 0.258441 0.560179 -1.251386 -0.946909 0.171005 
0.515246 -0.043584 -0.280516 -0.019362 0.540314 1.323093 -0.008758 0.891694 -0.309039 -0.179754 -0.846928 2.042415 
0.261406 0.582423 1.166475 0.340371 0.990751 -0.517359 0.929455 -0.836622 -0.367604 -0.743406 0.292303 1.054110 
-0.941486 -1.006500 1.212821 -0.963231 0.989378 0.024315 -0.090432 0.553148 0.365633 0.233242 -2.184301 -0.016916 
-0.162338 0.064517 0.485541 1.113923 -0.688841 -0.162367 -2.641146 1.458409 0.937439 2.101345 -1.174445 0.479165 
-0.146055 0.600292 1.026016 -1.586105 -0.856838 -0.605661 -0.486150 -0.855082 0.974244 -0.876666 -1.565769 2.402745 
-0.532011 -1.361515 0.870726 -0.391795 0.048390 0.271710 0.195970 -0.992123 -2.118924 1.948789 -0.327947 1.400644 
1.682104 0.347593 -0.381758 -1.484686 -0.664853 0.358643 0.959722 -0.011699 -0.046465 -0.465272 0.485221 -1.328400 
-0.875729 -0.181843 0.428893 -0.344627 1.452742 -0.352315 1.380324 0.626911 -0.966781 -0.651917 2.364750 0.184714 
-0.483815 -0.939535 -0.299131 -1.323916 1.379846 0.132360 -0.941464 0.001499 -0.471249 0.609631 -0.004127 1.064855 
-0.712005 -0.037533 -0.899869 -0.574835 0.095136 2.673582 0.760868 -0.816327 1.735227 0.709124 -1.067638 -1.534850 
-1.174212 -1.896304 0.634745 -0.740707 -0.427127 -0.007566 0.237920 0.115148 -0.777530 0.279796 -0.453549 0.288671 
-0.192240 -2.127977 0.067454 -1.185002 0.510808 0.710303 -0.208373 0.207069 -1.683797 -1.467456 0.458221 -0.068164 
-0.274070 -1.176923 -0.187121 -2.064860 -0.656274 -0.462539 0.024739 -0.444562 0.177027 -0.691317 1.021847 0.288373 
1.530073 -0.990532 0.291727 0.565060 -0.125017 -0.527878 -0.028091 -1.120490 -0.124478 -0.867988 -0.459075 -0.805076 
-0.249025 -1.173032 0.987695 2.000142 -0.530467 -0.345787 0.140359 0.435358 -0.415555 -0.512508 -0.004610 -1.826985 
-1.064213 -1.725428 0.392935 2.223328 0.105586 0.564558 0.237586 0.017089 0.879458 -0.782086 1.185862 -1.072433 
1.603457 0.288228 0.194551 -0.492178 1.128350 -0.801539 -0.671549 -0.362986 0.566128 0.425789 0.223739 1.874892 
1.234679 -1.594184 0.279785 -0.046003 0.742478 -1.852947 -1.045000 -0.631237 0.375917 1.011540 0.080392 -0.129734 
-0.229626 0.110219 0.051220 -0.465747 1.143603 0.053216 0.965767 -0.500325 -0.276954 -0.250667 -0.331068 -0.951531 
-1.506160 0.787067 -0.774466 0.075947 -0.914714 -0.436415 -0.219757 -0.867193 0.350099 0.554236 -0.384628 1.467860 
-0.444628 -0.002227 0.786782 -0.918770 0.179802 0.280007 1.414536 -1.040093 -0.291307 0.758881 1.058004 0.918985 
-0.155941 0.093109 1.408907 -1.919467 -0.983348 0.084606 -0.924187 1.265431 0.186078 0.133843 -0.531660 -0.862594 
0.276068 -0.378157 -0.534099 -0.036443 0.384829 0.729119 -0.594141 -0.241458 0.576599 -0.272561 -0.047270 1.074952 
-0.261164 -1.482676 1.927758 -1.225126 0.325698 0.900753 1.421275 -1.729031 0.339657 -0.542628 -1.033819 1.110396 
0.443422 -0.043819 -0.176248 -1.902434 1.296310 -1.325638 1.407608 -0.488241 -0.672827 -1.163105 0.603745 -0.773759 
0.391894 0.960825 -0.243750 2.374249 1.099229 -1.524579 -1.029001 1.060384 -0.537014 -0.273517 0.249176 0.539885 
-1.250679 1.738245 -0.897601 -0.233346 0.653223 0.502433 0.206512 -0.538154 -1.040158 0.159504 0.441544 -0.370740 
-0.947961 -0.430206 -0.792337 0.403881 -0.505073 0.306391 1.341111 1.777338 0.997284 -0.186708 -0.026926 1.250801 
-0.741106 -1.627323 -0.952975 1.192469 -0.475994 -0.939160 1.332717 -0.779519 -0.026054 0.217904 -0.742098 -1.262066 
-0.507818 0.166347 0.353905 -1.684759 -2.051561 1.237402 -1.284895 -0.752972 -0.656999 0.046238 -0.085315 -0.408534 
-0.320576 0.376266 1.597026 0.413149 -0.448305 0.033012 1.618376 -1.033133 0.677746 0.670325 -1.284109 0.820790 
0.012469 -0.226950 0.527470 0.501745 -1.551197 0.123568 0.661644 1.163839 -0.510834 -0.630501 -0.338596 -0.079534 
-3.029177 -1.148912 0.854202 0.083064 0.929826 0.273939 0.227346 -0.580106 0.446005 -0.118410 2.307190 0.576393 
-0.457015 2.024333 1.341847 0.157798 0.901940 0.754166 -0.225576 0.417302 1.516635 0.242065 1.672313 1.737545 
1.242448 -2.359524 -2.499533 -0.527943 0.138287 1.524498 -0.965993 -1.648125 0.937756 -0.376085 0.867776 -0.426359 
-1.066701 -0.509972 -0.167559 0.723061 -0.378408 -0.261976 0.095018 -0.572675 -0.160163 0.280444 0.438064 -1.095825 
0.933728 -1.321626 0.353015 -0.849942 0.143064 -1.730684 -0.256733 0.659232 -0.113838 -1.774452 0.826555 1.562285 
0.350321 -0.636128 0.717254 -0.796384 1.605039 1.013464 2.310131 -1.280402 1.937126 0.458578 0.389501 -0.437400 
-0.029006 0.317851 -1.304852 0.725338 1.349116 -0.927736 0.190060 0.050124 -0.170799 0.461823 0.931750 0.318284 
0.182452 0.138048 -1.005869 1.686544 -0.448442 1.243680 -0.173404 0.548403 0.301169 -0.001187 1.205763 -0.581963 
-1.565056 -0.710735 0.790683 -0.386394 0.168411 -0.589489 -0.014029 1.778447 0.325989 -0.352939 -1.021258 -1.568796 
-0.084539 0.777004 -0.116571 -0.505078 -1.120497 1.491482 -0.612738 0.641087 0.924837 -0.432991 -0.190989 -0.947335 
1.603946 0.622394 0.553090 0.408074 0.400731 -0.805978 2.071800 0.946703 0.215291 -1.704774 -0.027151 1.312238 
0.098348 0.647381 -0.960645 1.072356 0.739063 -1.112599 0.637024 -0.354255 0.366249 1.095717 -0.555119 -0.415142 
0.041374 -0.425632 -1.633802 0.967983 0.900045 0.956940 0.074894 -0.578817 0.322151 0.635772 -0.994184 -0.150183 
-0.734169 1.048581 0.761200 0.270146 -1.531218 -1.363052 1.123267 0.056473 2.689003 -1.087184 1.272120 0.300038 
-0.030814 0.660707 1.193307 -0.634407 0.504621 0.680585 -0.033128 -0.893323 0.876069 -1.477265 0.667813 1.176818 
0.232347 2.508772 1.632057 0.629763 -0.864215 0.437824 -0.097748 1.122078 -0.876490 -0.385249 -0.910776 0.152397 
0.426388 1.063460 -1.532190 -0.079234 -0.376555 -0.143268 -0.556620 0.775829 -1.217447 0.680837 -1.052678 -0.258489 
-0.372809 1.156922 -1.336852 1.376949 0.788010 -0.341533 -0.615499 0.962496 -1.614840 0.832649 0.427199 -0.852471 
-0.236455 0.052979 -1.473846 -1.408212 0.298206 2.057811 1.604553 1.260784 1.840080 0.534598 -0.688838 0.582815 
2.023691 -1.288386 -0.041663 0.141232 -0.163742 -0.374535 0.768495 -0.107919 -0.818926 0.768025 -1.198299 -2.088307 
-2.258354 -0.371221 -0.615507 1.289719 0.606733 -0.190203 0.086933 -0.577158 0.992136 1.754888 -0.247458 -1.174982 
2.229446 -0.757792 1.314155 -0.494936 1.634499 -0.938732 1.704359 0.525633 0.533818 -1.704312 -0.844734 0.736325 
0.337564 -0.563969 -1.455067 -0.624825 -0.623494 -0.813462 0.023634 1.151960 -1.526727 0.469508 0.849617 0.446869 
1.000061 0.555139 -1.742349 -0.933634 -1.350100 -0.583619 0.290043 0.858379 2.022859 -0.054304 2.306573 -1.276840 
-1.664164 -0.556778 0.205305 -0.278725 -1.162241 1.709525 -1.419899 0.945576 0.552296 -0.748875 -1.700953 0.537017 
-0.590035 -0.895113 1.192930 -0.200525 -0.944279 -0.390420 0.475274 1.506130 1.820142 0.716764 0.837503 0.469469 
-0.278064 -0.409328 -0.802823 0.136741 -0.671211 -0.690065 -1.447319 0.295338 0.342644 -0.005513 0.422432 -1.184301 
0.422716 -0.160887 -1.265636 -0.883349 0.576681 -0.448221 -0.988280 1.204097 0.179561 1.200114 -0.842556 -0.071777 
-1.670201 0.409334 -0.149331 0.082538 -2.085770 0.714376 0.949380 -0.011846 -1.019318 -1.034017 0.961658 1.602089 
0.471634 -0.952636 -1.636447 -0.603875 0.235964 -1.315731 0.351224 0.789500 0.037599 -0.847568 -0.888375 -0.493521 
-1.212847 0.317317 0.017344 -0.368728 -0.778421 0.627122 -0.872282 -1.403582 0.137123 0.433422 -1.882250 -1.347546 
0.066190 0.078020 0.828387 -0.838170 1.099562 -1.331295 -0.398127 1.542106 -1.521052 -0.887524 -1.123314 0.158755 
0.652356 1.324385 0.217738 -0.282475 -0.855564 -0.130848 0.256436 -1.774907 -0.018918 0.121233 0.578163 -0.560155 
0.327060 -0.213170 -1.909245 3.569868 0.007558 -1.826896 0.220025 0.205657 0.163247 -0.401905 0.410310 -0.358705 
1.082634 -0.134479 -0.536822 3.407532 -0.937586 0.535922 -1.711441 -0.346210 -0.721151 1.096678 1.002655 0.410164 
1.006077 -1.171356 -0.302032 1.146918 -0.681560 0.692865 -1.205755 -1.158983 0.410603 0.436675 0.490773 -0.054833 
-0.650908 -1.385263 1.813582 0.787258 -0.260139 -0.687550 -1.772914 0.335826 -1.212631 -0.407005 1.260355 -0.381441 
0.257056 0.310508 0.914852 -1.278137 -0.228795 0.317576 -0.072492 0.332243 -0.573745 -0.638690 -2.004813 -1.031727 
-0.944378 -0.249489 -0.057081 -0.584593 -0.524813 0.162842 -1.721115 1.411209 0.105392 -0.404881 -0.304505 -0.820251 
-1.321789 0.503744 1.309362 -0.619406 1.128319 1.159116 0.701881 0.136863 -0.605096 2.393862 -0.363204 -1.023511 
0.924826 -0.892661 -1.044736 0.535301 0.550139 0.128388 -1.005468 0.577628 0.421795 -0.049623 -0.057884 -0.605165 
0.000050 1.908512 -0.348267 0.482987 1.855147 1.039458 -1.106427 0.243088 -0.362809 -0.202576 1.067183 1.760523 
-0.054919 0.122231 1.412561 0.108475 -0.277299 -0.116771 1.790560 1.467671 -0.874115 -0.197534 -0.676424 0.147654 
0.911127 1.047033 1.502383 -0.340285 1.066631 -0.648297 2.162384 1.130554 0.931594 1.516316 0.252454 -0.549355 
0.594584 -0.226920 0.730376 -0.925848 -2.099239 -0.037981 -0.819278 0.010653 0.600042 -1.732208 -1.910667 -0.127864 
0.350201 -0.162502 0.490752 0.005322 0.638484 -0.199325 -0.037050 0.124334 0.571361 1.112473 -0.915357 0.245328 
1.250251 0.690052 -0.586126 1.139149 0.371465 0.881670 1.963004 1.779431 0.685110 -0.719281 0.940145 0.276074 
0.929789 0.555757 0.744900 0.427361 -0.374179 -0.056144 -0.540266 -0.239472 1.009421 -0.273366 -1.743464 0.318718 
0.239763 -1.120255 -0.828155 0.181032 0.695348 -0.841239 1.717504 0.857992 0.990871 0.677404 1.414846 1.090540 
-0.690361 -1.532693 0.574521 0.657480 0.877629 -0.154844 0.819808 -0.878355 0.033691 -0.936451 -0.484102 -0.343882 
-0.651554 -1.097868 0.281841 0.584246 1.033606 1.188595 0.055521 -0.761946 -0.450270 0.425717 0.527767 0.355116 
1.192102 -1.415773 1.139306 -1.616451 0.419791 -0.414907 -0.353125 0.862783 -0.110656 -0.074543 -1.176278 -0.618615 
-1.611830 0.059571 -0.425868 0.018774 0.601069 -0.658617 1.693149 0.648305 1.237859 -1.398807 0.754809 -1.858950 
-0.024462 -0.411251 0.636140 -0.425961 -0.674018 0.983991 0.711050 1.058092 -1.197860 0.192306 -0.001411 -0.571936 
-1.948847 -0.368011 0.793178 -2.034027 -1.095178 0.101227 -0.632764 -0.633191 -0.564394 0.580390 1.254061 1.417977 
1.020498 -1.360963 -0.898377 -1.328553 -0.267617 -0.362706 0.392726 1.017989 1.043309 0.637859 -0.546744 -0.354595 
0.861716 0.779567 0.156245 -0.319886 0.186550 -0.738828 -0.877962 0.171926 0.846002 -0.565982 -0.735355 1.021880 
0.001162 0.439411 1.597254 0.825430 0.950945 -1.479842 0.148945 -0.047474 -0.495536 -0.016138 -0.756078 0.601820 
-0.070837 -0.089622 0.112440 -0.229293 -0.790519 0.153372 1.531878 1.689145 -0.206818 0.622323 1.974707 -0.597251 
-2.486284 1.021180 -0.308625 0.262251 -0.489478 -0.317017 0.531848 1.437044 -0.155796 0.533436 -0.329711 1.913355 
0.581172 -0.873979 0.456660 -0.897980 2.974474 0.318918 -0.759667 -2.251078 -0.275398 -0.389341 -1.609013 0.873432 
-2.192435 0.414700 -0.275101 -2.157303 -0.622585 -1.456547 0.347984 0.356489 -2.443249 -1.271668 0.948567 0.902577 
-2.319280 0.348441 0.443144 0.093917 1.920303 1.321835 -0.697803 -0.850242 -0.427323 0.272601 0.024952 -0.909634 
0.079934 0.349254 -0.134765 -0.951181 0.961149 0.487204 2.019315 -0.299551 0.309060 0.317468 -0.355872 -0.647075 
-0.948481 -0.729247 -0.018328 1.172590 -0.557803 -1.566626 -1.793700 -0.634249 2.451575 1.498368 0.516817 0.646443 
0.411491 0.326840 0.460789 1.735096 -0.106555 1.057060 -0.659508 1.624477 -1.462628 -1.553801 0.887479 1.199753 
0.676978 -0.514882 1.362315 -0.371696 -0.215161 -0.587578 0.771453 1.241070 -0.635542 -0.354292 -0.637178 -0.026380 
0.857733 -0.896446 0.451875 1.192864 0.473490 0.302222 -0.820341 0.555281 -0.385473 0.434228 0.110898 1.711935 
-0.691159 -1.203268 1.648384 0.953648 1.365641 0.219462 0.017888 0.703418 -0.942278 -0.101478 -0.310655 -0.127799 
0.449378 1.037816 -2.028362 -1.415045 -1.637804 -0.878201 0.654535 0.458163 -0.673773 2.028768 -0.578100 0.718055 
0.100633 -0.845944 -0.449257 -0.033356 2.023729 -2.861400 1.257699 0.683984 -1.924244 -0.367212 0.475525 0.003367 
0.826070 -0.172914 0.235993 0.261118 0.777789 0.535555 -0.927080 0.251290 -0.112418 -2.363775 0.721367 1.093951 
0.536157 -1.208652 -0.835173 0.522995 -0.548902 -0.342037 -0.169878 -0.178504 -0.518509 0.729858 -1.370137 -0.327079 
0.897888 -0.297127 -1.275955 0.676787 -0.126011 -0.597859 -0.471672 0.507726 0.534983 -1.399021 1.110128 -0.031385 
-0.131938 -3.232038 0.617035 0.674396 0.299580 0.418913 -0.114233 -0.309899 0.057408 1.314887 0.148840 -1.508315 
-0.147201 -1.086959 0.612702 0.678399 0.296171 -0.689681 0.369487 -0.394370 1.065817 0.403825 -0.236036 0.302254 
1.007773 -1.426436 0.289381 -0.312580 1.200783 0.671191 -0.618615 -0.269739 1.620737 -0.344166 -1.588481 0.089736 
-2.123655 -1.014451 0.395316 0.379244 1.090173 0.150897 0.800115 -0.088130 0.121854 -0.980064 -0.257212 0.528095 
-0.504586 -0.213267 -0.870563 -2.252898 -0.358703 -0.991319 0.426696 0.008029 -1.238041 1.857345 -0.069560 0.338199 
-1.270594 -0.325348 -0.497688 -1.168351 -0.129928 0.836830 -0.472331 2.531796 0.244126 0.309538 0.103799 -0.669335 
-0.382585 1.944398 -0.106672 1.201966 0.733738 0.474509 0.275952 -1.223243 1.398258 -0.489103 -0.436501 0.664038 
0.648679 -0.571773 -0.687829 -0.660739 0.120332 1.252166 0.984227 -1.071751 -0.095473 -0.694883 0.926095 2.610158 
0.825727 -0.250032 0.331881 0.327559 1.136331 -0.892623 0.993107 0.246059 0.387623 -0.180393 1.568029 -0.641464 
-1.014944 -1.569315 2.365225 1.508127 -0.686773 -0.895274 0.668209 -0.050611 -0.966315 1.256283 1.243630 0.932285 
-0.471070 -0.477383 -0.482231 -0.888909 0.471683 0.313326 -0.064998 -0.730151 1.509186 1.910744 -0.230549 -0.577766 
0.137025 -1.337977 0.647448 -0.959285 0.288342 0.667033 -0.620099 0.326987 0.403831 0.027193 0.335604 -0.908426 
-0.291863 0.030299 -1.034425 -0.492719 1.391855 0.828117 0.224104 0.752991 -0.422141 0.427129 0.406721 -1.122812 
0.301819 0.853087 1.339555 0.441057 -1.345502 0.006509 -0.466136 -1.153722 -1.674024 0.323365 -0.621799 0.575368 
0.399931 0.404253 -0.969140 -0.204764 0.000747 -0.235892 -0.332087 -0.407867 -0.687630 -1.648968 -0.011487 0.033244 
-0.929962 -0.700620 0.208716 -0.977807 0.053495 0.652821 0.924815 -1.287906 -1.027185 0.140338 -0.589719 0.873699 
-0.176830 -1.630543 -0.618593 -1.572947 -2.341905 1.964533 1.447026 0.083578 -0.492558 -0.498043 0.068756 -0.190014 
-2.132095 1.460013 0.512016 -0.370262 1.248095 0.884584 0.595832 0.163799 0.346808 -0.427773 1.610037 -1.175362 
1.145362 2.050043 0.011354 -0.221145 2.809232 0.084537 2.053271 0.682575 0.829352 -0.150874 -0.187034 -0.198348 
-0.629091 0.120501 -0.043989 -0.535213 -0.232185 -0.574514 -1.529250 -1.086368 0.155633 -2.890810 -0.730761 -0.073768 
-1.203850 -0.989902 2.949093 -0.261972 0.287032 0.499751 0.022688 0.297492 0.083714 -0.734542 1.377439 0.612400 
-0.253945 1.197771 -0.630046 -1.095415 -0.464604 -0.484104 0.095285 -0.143308 0.374617 0.756215 0.873068 -1.210433 
-1.428647 -0.592656 -0.046879 0.549233 0.384318 0.238446 1.614526 1.391954 2.653202 0.120793 -0.525402 -1.843127 
-0.020858 -0.469809 2.683026 -2.174621 -0.379828 0.778248 0.501273 0.306747 0.332714 -0.515906 -0.736998 0.458842 
-0.560665 0.886377 -1.146691 0.144615 -0.101778 0.924273 -0.323840 -0.537184 0.140771 -0.340858 1.410895 -0.776546 
2.177779 -1.385220 0.552999 0.669033 1.618151 0.588138 0.554217 -0.228932 1.577835 -1.079992 0.031370 -0.490773 
1.138465 -1.956754 -1.076458 -0.848829 -0.847230 1.377934 0.642443 -0.536220 0.089548 -0.697389 0.185255 0.550383 
-2.496887 0.420684 1.030640 -0.057090 -0.575883 1.851205 0.182625 1.439021 -0.672984 -0.582997 0.349282 0.018332 
0.441327 0.400738 0.327530 0.291786 -0.075913 -1.897665 -2.027476 -0.511100 0.931893 -0.186125 -0.629058 0.164924 
-1.398138 0.095142 0.652125 -0.614619 -0.132472 -1.778684 1.023081 -1.606835 -0.357890 0.587961 1.088883 1.184304 
-0.255055 0.496684 -0.278861 -0.013643 1.439310 -0.922641 -3.491542 -0.201243 0.202102 -0.021041 2.353137 1.065906 
0.164404 1.082241 0.245192 0.412113 2.031263 -1.997927 0.109490 1.143503 0.876250 -0.079761 -2.487824 0.003593 
0.747734 0.970448 1.472513 -0.937150 -0.978202 -0.357100 -1.551331 0.663291 0.807948 -0.835515 0.197966 -0.531672 
-0.273047 -0.568570 -2.275102 0.835157 -0.641024 -0.336401 -0.355111 0.164084 -1.603334 0.978620 0.945361 -1.193788 
1.576300 0.809972 -1.633291 1.094538 0.520476 0.250426 1.398557 1.785406 -2.362052 0.235478 -0.795836 0.315765 
-0.480937 0.173247 0.415469 0.321181 -0.380700 0.286162 -0.513475 -0.587711 -0.701700 0.566048 0.089737 2.313077 
0.327512 -0.505543 -0.654769 0.015113 1.992852 -0.686169 1.917180 0.259036 1.651903 0.219290 0.170593 1.047078 
0.664734 -1.193306 -0.296348 -1.164493 1.635870 -0.813314 0.778411 -0.871834 0.235073 0.807711 -0.599750 0.224957 
0.085189 0.646971 -1.496919 0.494841 0.559019 0.793403 -0.246455 -0.787917 -0.151753 1.512527 0.706568 -1.097890 
0.880953 -0.353623 -0.904834 -1.215849 0.563638 -0.381945 -0.903532 -0.344340 -0.155889 -0.431633 1.214850 -1.225862 
0.323213 0.046435 -0.404182 1.590788 -0.338397 -1.371204 -0.495902 0.647617 1.038165 0.542561 0.223226 -0.530025 
-0.784146 -0.792948 -0.725798 0.526475 0.763647 0.010307 0.374495 2.054127 0.330484 0.679300 0.369662 -3.742182 
-1.805373 -1.550514 -0.866485 0.264819 1.127442 0.204132 -2.370532 0.798942 0.475807 -0.008767 -0.546501 0.417388 
1.858593 0.171586 -0.421847 -0.393598 0.141571 -0.411026 0.615062 -1.071077 -2.090502 1.911941 1.118490 1.243494 
-0.604530 -0.062139 -0.942666 -2.176310 1.928134 0.663561 0.279465 -0.205155 -0.174035 -0.978616 -0.090271 0.110584 
0.103360 1.199028 1.341884 -1.195654 0.670638 0.225782 0.818865 -0.554443 0.019188 -0.486129 0.440657 -0.327084 
0.563167 0.801704 -0.988435 0.365328 -0.110111 -0.212843 2.047507 -0.292943 -0.860027 0.077898 1.174762 1.352896 
0.113597 1.053305 1.817943 2.412443 0.370962 -0.044035 -0.323744 1.180232 -0.022949 0.026201 -0.297240 -0.427743 
-0.904726 -0.748877 -0.374437 0.740247 1.096595 0.458182 -0.980542 0.377395 -0.602317 -0.222784 -0.194184 -0.579373 
-0.467715 -0.936326 -1.451741 0.309746 -0.398163 -0.441417 1.179634 0.991574 0.869902 -0.479705 0.090557 0.925968 
-0.124890 -1.269087 -0.618682 -0.541987 -0.085463 -1.054947 0.894583 0.603452 -0.570812 0.824587 -0.223316 0.005510 
1.478958 0.497981 0.934501 0.122283 2.373287 -0.155584 -0.142931 -0.792886 1.304680 -0.060403 -1.268929 -0.634491 
-0.860816 2.789081 1.055929 0.962279 -0.473921 0.129148 -0.593471 0.930818 -0.042644 -0.806764 0.482404 0.858327 
0.784668 0.727572 0.160227 -0.253975 0.946341 0.509428 0.248917 -1.350388 0.895531 1.712838 -1.441534 -0.480776 
0.308623 -0.773064 0.287400 1.891756 0.818162 -0.030124 -1.129782 0.799789 2.284856 0.912158 -0.304453 1.489707 
-0.233860 0.836634 0.632906 -1.220254 1.588971 -0.457365 0.066095 0.599637 0.066827 1.488842 -1.408391 -0.629391 
-1.056973 -1.128330 -1.459042 -0.376237 0.526012 0.596336 -0.637925 1.100429 1.494589 -0.026748 1.301448 -0.593951 
-0.284141 -1.424470 -0.581710 0.052429 -2.465198 -0.113528 -0.819308 -1.419742 -1.072464 1.915824 0.085390 -0.628694 
-0.086690 0.717442 -1.830149 -1.953934 -0.852528 0.807024 0.967954 -0.203636 1.823345 0.919677 0.478953 0.356252 
-1.469395 -0.777906 -0.449103 0.565421 0.511735 -0.089803 0.030349 0.017913 -1.208429 -1.808099 -0.262837 1.305086 
0.192182 0.315986 0.949275 0.077794 0.257775 -0.006292 1.351097 0.100351 -0.065392 -1.265308 1.586840 0.365674 
-0.822293 1.406535 0.717441 0.080701 1.962447 -0.091861 -1.086374 0.876357 -0.326836 0.583631 -0.403982 0.772078 
-0.094241 0.401125 2.287829 0.794708 1.406315 -0.921238 0.240265 0.700694 -1.149151 -0.116188 1.151703 1.255326 
0.336213 0.929660 0.166728 1.043689 0.496834 -0.926952 -1.046181 0.652016 -1.308042 -0.143812 1.153125 -0.128335 
-0.904654 -1.605802 -2.156491 0.802185 0.082831 -0.961221 0.618718 0.178530 0.646383 1.074770 -0.525595 0.948623 
-0.288256 0.661536 1.689399 -0.468824 -1.548478 1.784830 1.305034 1.676010 -1.389204 1.702189 0.429359 -0.124500 
0.350063 2.138502 1.282281 -0.046592 1.863160 -0.200189 1.023491 -0.325097 -1.340683 0.391235 0.126600 2.099941 
-1.835859 0.541139 -0.582631 0.353453 0.134027 0.940412 -2.115382 0.101148 1.128872 0.127332 2.114990 0.260282 
1.035976 -1.540877 0.222614 -1.256801 -1.546003 0.349156 0.681729 -0.576692 0.001696 2.250931 -0.994220 -0.545479 
2.424461 -0.203143 0.779451 -1.036031 0.433282 1.859280 0.008709 -0.061528 0.379684 -0.010678 -1.584549 0.100432 
0.959401 -0.499965 0.384707 -0.426963 0.102954 0.927072 0.334273 0.725588 -0.901332 -0.450549 0.310851 -0.732904 
-0.315772 0.383024 0.696367 0.077669 -0.570346 -1.226964 -0.547413 -1.227342 -0.196794 -0.595050 -0.969608 -1.524158 
0.428623 0.412035 -0.112716 1.790930 0.493062 -0.327239 -1.650984 0.190931 0.306942 -0.735670 -0.589149 0.349780 
-1.035985 0.405493 -0.038824 0.797263 -0.707513 0.891646 0.892793 -0.734818 0.167457 0.081695 0.331433 0.232859 
1.877865 -0.363781 0.088089 -0.442501 -1.348025 0.288186 -0.507056 0.788385 1.788079 -0.860857 -1.298053 0.654001 
0.940704 -0.599272 -0.789656 -0.629091 -1.754302 2.265195 -0.329791 -1.965382 -0.624082 -1.858410 1.071702 -0.844955 
0.787346 -0.589589 1.422961 1.533796 -0.363809 -0.047890 0.168354 -1.955524 -0.149961 -1.284887 0.421407 -0.805115 
-0.875874 0.853541 0.006332 2.733540 -0.627094 -1.551864 2.536740 1.624294 0.832215 0.436202 1.422409 -0.490751 
0.319949 -1.853008 0.686481 0.167439 0.440150 0.444083 2.293627 -0.149420 0.948091 1.091283 -0.311851 -1.005710 
-0.558294 -0.207303 -0.854934 -0.478865 -1.502641 -0.911819 -1.318661 -1.968268 -1.973738 1.202602 0.913029 2.691354 
-0.311429 0.270378 -1.075235 -1.412654 -0.208235 0.049435 -0.474135 -1.686138 -0.391879 2.312864 -1.118910 0.371534 
-0.570010 -0.652771 -0.090967 0.974988 -1.505125 1.078046 0.987382 -0.086922 -0.676711 -1.083979 0.240834 -0.653126 
-1.025734 0.477227 -0.252772 0.289719 1.809741 0.308179 -2.073026 0.307386 -0.016021 1.364534 1.123422 0.424323 
-0.908746 -0.071320 1.194824 1.165408 -0.116973 0.299639 1.244026 0.337546 0.515175 0.081680 -0.648210 1.229528 
-0.209897 -0.938301 0.606064 -0.908706 1.226209 -0.197218 -0.315240 1.066992 0.444830 -0.467782 0.087371 0.677597 
-1.698864 0.161364 0.540514 0.240575 0.494943 -0.146422 1.399294 0.332942 1.140898 -0.426380 1.634679 0.916650 
0.607601 -0.268183 -1.444939 -0.654046 0.908595 -0.103071 -0.879881 -0.073484 0.447681 0.889625 -0.784506 0.480745 
-0.117798 -0.409873 -0.967694 1.274955 -1.154219 -2.798982 -0.922472 1.047757 0.315440 0.649750 -1.110389 -1.507145 
0.699160 -0.711323 0.202051 -0.551191 1.257556 0.393275 2.314403 2.058863 0.945592 -1.806179 0.933612 -0.759893 
0.269649 0.061445 -0.347878 -0.087409 1.452532 0.990247 0.588013 0.026693 0.428663 1.024696 -0.023487 1.059843 
0.494287 -1.846129 1.290088 -0.347820 -2.076811 -1.297633 -0.309768 -0.240524 -1.324607 0.825232 -1.100679 -0.198085 
-1.483121 -0.398333 1.341154 0.993963 -0.176488 -1.521968 -1.032964 1.038475 0.109822 -0.236332 -0.893710 0.259201 
-1.020264 -0.543548 -0.580798 0.428436 -0.652082 0.621011 1.103351 -0.507225 -1.654722 -0.981266 0.346269 0.554925 
-0.446995 -0.911899 0.875136 -1.004185 0.156534 -1.507523 0.342109 -1.483080 1.110672 -0.769588 0.244884 -1.021422 
0.109659 0.652699 1.395450 -0.632688 -0.850226 -1.679402 -2.263993 -0.106488 -2.107862 -1.236123 -0.351578 0.190113 
1.128736 -0.734271 0.320985 -1.045710 0.279046 0.788976 -0.903286 0.245264 -0.549837 -0.050215 0.229060 -0.434788 
-0.289963 0.540633 1.623382 0.505707 0.597094 -0.654282 2.970029 0.145793 0.094261 -0.388664 0.564432 -1.474167 
1.261551 0.975841 1.062433 0.331954 0.244717 1.244903 -0.011766 -1.118085 -0.038220 -0.311945 -0.730968 0.393233 
0.475425 -0.156870 0.214105 -1.635413 -0.118347 -1.292264 -1.999539 -0.596941 1.882927 0.221365 -0.319760 -0.844081 
1.174117 0.277799 0.876803 -1.906840 -1.289408 -0.614352 -0.888015 -0.679488 0.055461 -0.297325 -0.725657 -0.502834 
0.126947 0.639517 0.194407 -0.040399 0.057564 0.241695 -0.419902 0.955054 -0.613890 -1.697195 1.339889 -1.339220 
-0.656816 -0.080978 -0.414892 0.697193 -0.520933 0.549349 0.694578 -0.130801 0.587017 -0.598709 -1.278693 -0.602964 
-1.481399 0.540870 0.358459 0.168803 -1.279027 0.467634 -0.162753 0.649404 -1.206709 -0.523347 1.614101 0.439532 
0.155489 -1.262565 0.036223 -1.543796 -0.056227 0.191457 0.101577 0.598515 0.545331 -1.715829 -0.569769 1.571506 
0.818551 1.110424 -0.364631 -1.551802 -0.209680 -0.229805 -0.017858 -0.192501 0.250930 0.885678 -0.002032 -1.131549 
-0.292588 -0.989563 1.771020 0.867078 0.192102 -0.579217 -0.960327 -1.980799 -0.392747 -2.166645 0.957539 0.345319 
-0.540786 -1.828836 0.221273 -0.145373 0.992332 0.480481 1.172806 0.362938 -0.622042 0.422127 0.737782 0.523388 
-0.308642 1.384499 2.730378 -0.386242 0.576244 -0.386833 -0.365273 0.703950 -1.190477 -0.294809 -0.341394 1.043964 
-1.096593 -0.062727 -0.296165 1.316204 1.305784 0.421616 -0.463411 -0.752597 -1.878467 -0.364251 0.888577 1.259869 
-0.493010 0.448921 0.564296 -0.796464 -0.729306 1.087706 0.194990 -0.016917 -0.424008 0.647656 -1.179724 -1.105880 
-0.180739 -0.363258 1.582621 0.135441 -0.864575 -2.249332 -0.066947 -0.441664 0.777242 -0.303532 1.381475 0.061373 
